71,26,76
71,27,76
71,29,77
77,33,84
202,90,221
188,88,208
177,86,197
178,91,200
173,92,196
129,71,147
111,64,129
148,89,173
161,100,190
158,102,188
155,104,187
153,107,187
152,111,188
149,112,187
146,114,185
142,115,183
140,118,183
140,122,186
139,125,187
137,127,187
133,129,185
130,130,184
128,133,185
127,136,186
125,139,187
121,139,185
119,142,185
117,145,186
114,147,186
112,149,187
110,151,187
106,151,185
104,154,185
101,155,185
99,158,187
97,161,188
93,161,186
90,163,186
88,165,187
86,168,189
82,169,188
79,170,188
77,172,188
74,174,190
71,176,190
68,178,190
65,178,190
61,179,189
59,180,190
50,164,171
35,123,128
32,121,125
32,128,132
32,137,141
35,166,170
32,167,170
25,141,143
19,119,121
17,124,125
15,126,127
17,166,167
11,122,122
9,126,127
6,120,120
5,135,135
3,170,170
0,164,164
-3,188,188
-5,139,139
-6,121,121
-9,126,126
-11,127,127
-14,129,130
-17,142,143
-20,145,146
-29,183,185
-33,187,190
-36,187,191
-40,187,191
-43,186,191
-46,184,190
-49,183,190
-52,183,190
-56,182,190
-59,180,190
-62,181,192
-65,179,191
-69,180,192
-72,178,192
-75,178,193
-78,175,192
-82,175,193
-84,173,192
-87,171,192
-90,169,192
-93,168,192
-96,166,192
-99,165,192
-102,163,192
-104,160,191
-108,159,192
-110,157,192
-113,155,192
-114,152,190
-118,152,192
-121,149,192
-124,148,193
-126,145,192
-129,143,192
-132,141,193
-134,138,192
-135,135,191
-138,134,192
-140,131,192
-143,129,193
-146,127,193
-147,124,192
-148,120,191
-150,118,191
-152,115,191
-154,112,190
-158,111,193
-157,106,190
-160,104,191
-162,101,191
-164,98,191
-164,95,190
-166,92,190
-169,90,192
-170,87,191
-170,83,190
-172,80,190
-174,77,190
-174,74,190
-174,70,187
-175,67,187
-177,64,188
-177,61,187
-177,57,186
-179,55,187
-177,51,185
-178,48,185
-180,45,185
-181,42,186
-183,39,187
-183,35,186
-182,32,185
-183,29,185
-184,26,186
-185,23,186
-184,19,185
-185,16,186
-186,13,187
-184,10,184
-183,6,183
-184,3,184
-185,0,185
-189,0,183
-188,3,181
-188,7,181
-188,10,182
-186,13,180
-186,16,181
-187,20,182
-187,23,182
-184,26,180
-185,29,181
-185,33,181
-184,36,181
-184,39,181
-183,42,181
-183,46,182
-181,49,181
-180,52,181
-180,55,182
-180,58,183
-180,62,183
-180,65,185
-179,69,185
-176,71,183
-177,75,185
-175,78,185
-174,81,185
-173,85,186
-170,87,184
-170,91,186
-169,93,186
-165,95,184
-165,99,185
-164,103,187
-162,105,187
-160,108,187
-159,111,187
-157,114,187
-155,117,188
-154,120,188
-151,123,188
-149,125,188
-146,127,187
-144,130,188
-143,133,189
-140,135,188
-137,137,187
-135,140,188
-132,142,188
-131,145,189
-128,147,188
-125,149,188
-123,152,189
-120,154,189
-118,156,189
-115,158,189
-112,160,188
-109,162,189
-107,164,189
-104,166,189
-100,166,188
-98,170,190
-96,172,190
-92,173,190
-89,174,189
-85,175,188
-83,178,190
-80,179,189
-76,180,189
-73,181,189
-71,184,190
-67,183,188
-63,184,188
-60,186,189
-57,187,189
-54,189,190
-51,190,190
-47,189,188
-44,190,188
-41,191,189
-37,191,188
-34,191,188
-30,193,188
-27,192,188
-24,193,188
-20,194,188
-16,187,181
-11,164,159
-7,137,133
-5,131,126
-2,131,126
0,129,124
2,127,123
5,147,142
10,192,185
12,169,163
14,164,159
14,134,131
15,124,120
18,131,128
24,148,145
30,172,169
25,127,125
27,125,124
34,149,148
33,131,130
34,126,126
52,180,181
40,129,131
41,127,129
43,124,127
54,149,154
51,132,136
58,145,151
68,161,169
79,177,187
81,175,186
84,173,185
88,172,187
91,171,188
93,167,185
96,166,185
99,165,186
103,164,187
105,162,187
108,160,186
111,158,186
113,155,185
116,154,186
119,152,187
120,149,185
122,145,183
126,145,186
128,142,185
130,139,184
133,138,185
135,135,185
137,132,184
138,129,183
142,128,185
143,125,183
147,123,185
149,120,185
150,117,183
153,115,185
155,112,185
156,109,184
157,106,183
160,104,184
160,100,183
162,97,182
164,95,183
165,92,183
168,89,184
169,86,183
171,84,184
173,81,184
173,77,183
175,74,184
177,72,185
178,68,184
180,66,185
182,66,181
183,70,183
178,72,179
179,76,181
177,79,181
176,82,181
174,85,180
173,88,181
172,91,181
168,93,179
167,97,180
165,99,180
163,102,179
163,106,181
159,107,179
157,110,179
157,114,181
153,115,179
152,118,179
151,122,181
148,124,180
146,127,180
141,127,177
140,130,178
138,133,179
136,136,179
134,138,179
132,141,180
129,143,180
127,146,180
125,149,181
122,151,181
119,153,181
117,155,181
113,156,179
112,159,181
109,161,181
107,164,183
103,166,182
100,167,181
97,167,180
94,170,181
92,172,182
89,175,183
86,176,183
83,178,183
79,178,182
77,180,183
74,183,184
71,184,183
67,185,183
60,173,170
56,172,168
40,129,126
46,159,154
37,136,132
32,128,123
31,134,128
30,142,135
37,190,180
21,120,113
24,150,142
22,157,148
16,128,121
14,135,127
14,162,152
9,126,118
7,142,132
6,171,160
3,175,164
0,197,184
-3,154,144
-5,130,121
-7,133,124
-9,133,124
-12,133,125
-17,161,151
-22,182,171
-27,193,182
-31,196,185
-34,194,183
-38,195,185
-41,194,185
-45,193,185
-48,192,184
-51,191,185
-55,191,185
-58,190,186
-61,189,186
-65,187,185
-68,188,186
-71,186,186
-75,186,187
-78,184,186
-81,182,186
-84,181,186
-87,178,185
-90,177,185
-93,175,185
-96,174,186
-99,172,186
-102,171,186
-106,170,187
-109,167,186
-112,166,187
-114,163,186
-118,163,188
-120,159,186
-123,158,187
-125,155,186
-128,152,186
-131,151,186
-133,147,185
-136,145,186
-138,143,186
-141,141,186
-148,143,192
-151,141,193
-158,142,198
-162,141,200
-164,137,199
-164,133,197
-167,131,198
-171,129,199
-171,124,197
-173,121,197
-173,117,194
-176,114,196
-177,111,195
-179,108,195
-181,104,194
-182,101,194
-183,97,193
-184,94,192
-183,89,190
-184,86,189
-185,82,189
-184,78,186
-184,74,185
-184,71,184
-186,68,184
-187,65,185
-185,60,181
-185,57,181
-186,53,181
-187,50,181
-185,46,177
-187,43,179
-187,40,178
-187,36,178
-187,33,177
-186,29,175
-186,26,175
-186,23,175
-187,20,175
-186,16,174
-188,13,175
-183,10,170
-189,7,176
-189,3,176
-189,0,176
-192,0,173
-191,3,172
-192,7,173
-191,10,173
-193,13,174
-192,17,173
-191,20,173
-190,23,172
-190,27,173
-185,29,169
-187,33,171
-190,37,175
-188,40,173
-191,44,177
-190,47,177
-190,51,177
-191,55,179
-189,58,178
-190,62,180
-190,65,181
-189,69,181
-190,73,183
-189,76,183
-188,80,184
-186,83,183
-186,87,185
-186,91,186
-184,94,186
-184,98,187
-182,101,187
-180,104,187
-180,108,189
-179,112,190
-178,116,191
-175,118,190
-173,121,191
-171,124,191
-170,128,191
-168,131,192
-166,134,192
-164,138,193
-160,139,191
-160,144,194
-157,146,193
-154,149,193
-152,152,193
-150,156,195
-146,157,193
-145,161,195
-141,163,194
-138,164,193
-136,167,194
-132,169,193
-130,172,194
-127,174,194
-124,177,195
-121,179,194
-118,182,195
-115,185,196
-111,184,193
-108,187,194
-105,189,195
-102,191,195
-98,191,193
-94,194,194
-92,197,195
-88,197,194
-85,200,196
-82,202,196
-77,202,195
-73,202,193
-71,205,195
-67,206,195
-63,205,193
-60,208,195
-56,207,193
-52,208,193
-48,210,194
-45,210,193
-41,212,194
-37,212,193
-33,211,193
-30,212,193
-26,214,194
-22,213,193
-19,214,193
-15,215,194
-11,217,195
-7,215,193
-4,213,191
0,169,152
4,214,193
8,216,195
11,214,193
15,211,191
17,192,173
14,132,119
24,193,175
26,187,170
31,195,178
36,204,187
30,156,143
30,142,131
43,188,173
44,176,163
49,184,171
58,202,189
57,185,175
63,194,184
59,172,164
73,201,193
77,201,193
80,198,193
83,196,191
87,196,193
90,194,193
94,192,193
96,189,191
100,189,193
103,186,191
106,184,191
110,183,193
113,180,191
116,178,191
119,176,191
122,175,192
124,171,191
127,169,191
129,166,189
133,165,191
135,161,189
138,159,189
141,156,189
143,154,189
147,152,190
149,149,190
152,147,190
154,144,190
156,141,189
160,139,191
159,134,187
164,133,190
165,129,189
168,127,189
170,123,189
173,121,190
173,117,188
175,113,187
176,110,187
178,107,187
181,104,188
182,101,187
186,99,189
185,94,187
188,92,188
189,88,188
191,85,189
194,82,190
194,79,189
195,75,188
196,71,188
199,73,184
198,76,184
195,79,183
195,83,184
196,87,187
196,92,188
197,96,191
195,99,190
193,102,190
189,105,188
188,109,189
189,114,192
186,116,191
183,119,190
182,123,191
180,126,191
177,129,190
175,132,190
172,134,190
170,137,190
166,139,188
163,142,188
163,147,191
159,148,189
156,151,189
154,154,190
152,157,190
148,158,188
147,163,191
144,165,190
140,167,190
138,170,190
136,174,192
133,176,192
130,180,193
126,179,190
123,183,192
121,186,193
118,189,194
114,190,193
111,192,193
107,193,192
105,197,194
101,198,194
98,201,194
95,203,195
91,205,196
87,206,194
84,209,196
80,208,194
76,210,194
74,214,197
69,214,196
66,214,195
62,215,195
58,217,196
53,212,190
48,206,184
46,218,194
43,222,196
39,223,197
34,216,190
31,223,196
28,224,196
24,224,196
20,224,196
16,226,197
12,227,197
8,226,196
4,226,196
0,226,196
-4,227,197
-8,226,197
-12,227,197
-16,227,198
-20,228,199
-24,227,198
-28,225,197
-32,224,197
-36,224,197
-39,223,197
-44,224,199
-48,224,199
-51,221,197
-55,220,197
-59,222,199
-63,218,197
-67,219,199
-70,217,198
-74,216,198
-78,214,198
-82,214,199
-86,212,199
-89,210,199
-93,210,199
-97,207,199
-100,205,198
-104,204,199
-108,203,200
-110,199,198
-114,197,198
-117,195,198
-120,192,197
-125,192,199
-127,189,198
-131,187,198
-134,185,199
-139,184,200
-142,181,200
-145,179,200
-148,176,200
-150,172,198
-153,170,199
-156,167,199
-159,165,199
-163,163,200
-164,159,199
-167,155,198
-170,153,199
-172,150,198
-175,147,198
-176,142,197
-178,139,197
-180,136,196
-182,132,196
-184,129,195
-183,124,192
-183,119,190
-184,115,189
-186,112,188
-186,107,186
-186,103,185
-186,99,183
-186,95,182
-185,90,179
-187,87,179
-185,83,176
-185,78,175
-183,74,171
-182,70,170
-184,67,170
-183,63,169
-183,59,167
-183,56,167
-183,52,165
-184,49,165
-185,46,165
-185,43,165
-185,39,165
-187,36,166
-187,33,165
-187,30,165
-186,26,163
-187,23,163
-186,20,163
-186,16,162
-187,13,163
-183,10,159
-189,7,164
-187,3,163
-188,0,163
-192,0,161
-190,3,159
-191,7,160
-191,10,161
-190,13,159
-190,17,160
-192,20,162
-190,23,161
-190,27,161
-185,29,157
-187,33,159
-186,36,159
-187,40,161
-188,43,162
-188,47,163
-189,51,165
-187,54,163
-185,57,163
-187,61,165
-187,64,166
-187,68,167
-188,72,169
-186,75,168
-185,78,168
-183,81,168
-182,85,168
-182,89,170
-183,93,172
-183,97,174
-181,100,174
-183,106,177
-184,110,180
-181,113,179
-181,117,181
-182,123,184
-181,127,186
-181,131,188
-182,137,191
-178,139,190
-177,144,192
-177,149,194
-175,152,194
-172,155,194
-170,158,195
-168,162,196
-166,166,197
-164,170,198
-161,173,199
-158,176,199
-156,180,200
-152,181,198
-149,184,199
-145,186,198
-142,188,198
-140,192,199
-136,195,199
-134,198,201
-128,197,197
-126,202,200
-122,203,199
-118,204,198
-115,207,199
-111,209,199
-107,211,199
-103,212,198
-100,215,199
-96,216,199
-92,217,198
-89,220,199
-85,220,198
-81,222,198
-77,223,198
-73,225,199
-69,226,198
-65,228,199
-61,227,197
-57,230,199
-53,231,199
-49,231,198
-46,235,201
-41,232,197
-37,232,197
-33,233,197
-29,234,198
-25,235,198
-20,234,197
-16,234,197
-12,234,197
-8,235,197
-4,236,198
0,236,198
4,237,199
8,236,198
12,235,197
17,236,199
21,235,198
25,234,197
29,235,199
33,234,199
37,235,199
41,232,198
45,232,199
49,232,199
50,217,187
57,229,198
61,229,199
65,228,199
69,226,198
73,224,198
77,223,198
80,220,197
84,220,197
87,216,195
92,217,198
95,214,197
99,213,197
103,211,197
107,210,197
110,208,197
114,205,197
117,203,197
120,200,196
123,197,195
128,197,197
130,193,195
133,190,195
137,188,195
140,186,195
143,183,195
146,180,195
150,179,196
152,175,195
155,172,194
159,170,195
161,167,195
163,163,193
166,160,193
169,158,194
172,155,195
175,152,195
177,149,194
178,144,192
181,141,193
184,139,193
187,136,193
189,132,193
191,129,193
191,124,191
194,121,192
194,117,190
198,114,192
197,109,189
200,106,190
201,103,190
205,100,192
207,96,192
208,93,191
209,89,191
211,85,191
211,81,190
212,77,190
215,78,185
213,82,184
210,85,184
209,89,184
209,93,185
208,97,186
205,100,185
203,103,184
202,107,185
201,111,186
199,115,186
198,119,187
194,121,186
193,125,186
190,128,186
188,131,186
187,136,188
184,139,187
182,143,188
179,145,187
177,149,188
175,152,188
172,154,187
169,158,188
167,161,188
163,163,187
160,166,187
157,168,186
154,171,186
152,175,188
148,177,187
146,181,188
144,184,189
139,185,188
137,189,189
133,190,188
132,195,191
128,197,191
124,199,190
121,201,190
117,203,189
114,206,191
111,209,191
106,208,189
104,212,191
100,215,192
95,214,190
93,218,192
89,220,192
84,220,191
80,221,190
77,224,192
73,225,192
69,226,191
65,228,192
62,230,193
58,231,193
54,232,193
49,231,191
46,234,193
41,233,192
35,222,182
33,235,193
29,238,194
25,237,193
21,238,193
17,237,193
13,240,194
8,239,194
4,239,194
0,239,193
-4,239,193
-8,239,194
-13,239,194
-17,239,194
-21,240,195
-25,237,193
-29,239,195
-33,237,194
-37,236,193
-42,237,195
-46,236,195
-50,235,194
-54,233,194
-58,235,196
-63,233,196
-66,232,195
-71,231,196
-75,230,196
-79,229,196
-82,226,195
-86,225,195
-91,225,196
-95,223,196
-99,222,196
-102,220,196
-106,217,195
-109,215,195
-112,211,194
-117,211,195
-121,210,196
-124,207,196
-128,205,196
-132,203,196
-135,200,196
-139,199,196
-141,194,194
-146,194,196
-150,192,197
-151,187,194
-154,183,194
-159,183,196
-162,180,196
-165,177,196
-168,174,196
-171,171,196
-174,168,196
-177,165,196
-178,160,194
-180,157,193
-184,154,194
-186,151,194
-187,146,192
-187,141,189
-187,136,188
-189,132,187
-187,126,183
-189,123,183
-189,118,181
-189,113,178
-188,109,176
-188,104,174
-187,99,171
-187,95,170
-187,91,169
-186,87,166
-187,83,166
-187,79,164
-187,75,163
-188,72,163
-188,69,162
-189,65,162
-191,62,163
-192,59,162
-193,55,163
-193,52,162
-194,48,162
-193,45,160
-195,41,161
-196,38,162
-197,35,162
-199,31,163
-198,28,162
-192,24,157
-189,20,154
-187,16,152
-190,13,154
-185,10,150
-190,7,154
-191,3,155
-190,0,154
-193,0,151
-194,3,151
-193,7,151
-194,10,152
-193,14,151
-194,17,152
-191,20,150
-188,23,148
-187,26,148
-181,29,143
-184,32,146
-187,36,149
-201,43,161
-203,47,163
-203,51,163
-200,54,162
-200,57,163
-200,61,163
-200,65,164
-196,67,162
-195,71,162
-197,76,165
-191,77,161
-192,82,163
-190,85,163
-189,88,163
-188,92,163
-187,95,164
-186,99,165
-184,102,164
-183,106,165
-182,109,166
-181,113,167
-180,117,167
-178,120,168
-181,127,172
-180,131,174
-181,137,177
-180,141,179
-181,147,182
-180,151,183
-181,157,187
-181,163,190
-181,169,193
-179,172,194
-176,176,195
-172,178,193
-169,182,194
-169,188,198
-164,189,196
-162,193,197
-159,197,198
-156,200,198
-152,202,198
-149,205,198
-145,207,198
-142,211,199
-139,215,200
-135,216,199
-131,218,199
-127,220,198
-123,223,199
-118,222,196
-115,225,198
-111,228,198
-107,229,197
-104,233,199
-99,233,198
-95,236,199
-91,236,198
-87,238,198
-83,241,199
-78,240,197
-74,241,197
-60,209,170
-19,71,57
-14,54,44
-12,52,42
-11,53,42
-11,54,43
-10,55,44
-9,56,44
-8,59,47
-8,68,54
-7,69,54
-6,70,55
-5,74,58
-4,77,60
-3,84,66
-4,251,196
0,252,197
4,251,196
9,250,196
13,251,196
18,252,197
22,251,197
26,250,196
31,250,196
35,249,196
40,250,198
44,250,198
48,248,198
52,244,195
57,245,196
61,244,196
65,243,196
69,241,196
74,241,197
78,241,198
82,238,197
85,234,195
90,235,196
94,233,196
98,230,195
102,230,196
106,226,195
109,224,195
113,223,195
117,219,194
122,220,196
125,217,196
128,213,194
134,214,197
136,210,196
140,207,195
142,203,193
145,200,193
149,198,194
153,196,195
155,192,193
160,191,195
162,186,193
166,184,193
169,181,193
171,177,192
174,174,193
177,171,193
181,169,193
183,165,193
186,162,193
190,159,193
190,154,191
193,151,191
194,147,190
196,142,189
199,139,190
201,136,190
201,130,187
203,127,187
206,124,188
206,119,186
207,115,185
209,111,185
211,108,185
213,104,185
211,98,182
212,95,182
216,92,183
215,87,181
216,83,180
218,79,181
218,79,175
217,83,175
216,87,176
215,91,176
212,95,175
211,99,176
207,101,174
204,104,173
205,109,175
202,112,174
201,116,175
202,121,178
203,127,180
202,131,182
202,136,184
200,140,184
199,145,185
196,148,185
194,152,186
192,156,187
190,160,187
187,162,187
184,166,187
183,170,188
179,173,188
176,176,188
173,179,188
171,183,189
167,186,188
163,188,188
161,192,189
158,196,190
156,200,191
151,201,190
148,204,190
145,207,190
142,211,191
140,215,193
136,217,193
132,220,194
127,220,191
124,224,193
120,226,193
117,231,195
113,232,194
109,234,194
104,233,193
100,235,193
95,236,192
92,240,194
88,242,194
84,244,194
79,245,194
75,247,194
71,248,194
67,250,195
63,251,195
59,254,196
54,254,196
50,256,197
45,256,196
40,256,195
36,258,196
32,258,196
27,259,196
23,261,197
18,259,196
14,259,196
9,260,196
5,259,195
0,259,195
-5,260,196
-9,260,196
-14,260,196
-18,261,197
-23,259,196
-27,257,194
-32,258,196
-37,260,198
-41,256,196
-46,259,198
-50,258,198
-54,256,197
-59,254,196
-63,253,196
-67,251,196
-73,253,199
-77,251,198
-81,251,199
-85,248,197
-90,246,197
-94,245,197
-99,244,199
-104,244,200
-106,239,197
-111,238,198
-116,238,199
-120,236,199
-123,231,197
-129,233,201
-132,229,199
-135,225,198
-138,221,196
-144,222,199
-147,218,198
-151,216,199
-154,212,197
-159,210,199
-163,208,199
-166,205,199
-169,202,199
-172,198,197
-176,195,198
-179,192,198
-181,188,197
-185,185,197
-187,180,196
-187,175,193
-189,170,192
-190,165,190
-190,159,187
-189,153,184
-188,147,180
-188,142,178
-187,136,175
-184,129,170
-186,125,169
-186,121,167
-186,116,165
-188,113,165
-192,111,167
-193,107,167
-193,103,165
-196,100,165
-195,95,163
-198,92,165
-201,90,166
-200,85,164
-202,82,164
-204,78,165
-206,75,165
-202,69,161
-208,68,165
-209,64,165
-210,60,164
-205,55,160
-211,53,164
-214,49,165
-212,45,164
-213,41,164
-215,38,164
-213,34,162
-211,30,161
-186,23,141
-185,19,140
-187,16,141
-183,13,138
-184,10,139
-188,7,141
-187,3,141
-189,0,143
-192,0,139
-193,3,140
-192,7,139
-191,10,139
-192,13,140
-189,17,138
-191,20,139
-187,23,137
-187,26,137
-185,29,136
-180,32,133
-184,36,136
-212,45,158
-215,50,160
-216,54,162
-216,58,162
-212,61,160
-213,65,162
-211,69,161
-203,70,156
-208,76,160
-208,80,162
-209,84,163
-207,88,163
-206,92,164
-203,95,163
-201,98,163
-200,102,163
-199,106,164
-195,108,162
-194,112,163
-192,115,163
-191,119,163
-189,122,163
-188,127,165
-184,129,163
-183,133,164
-182,137,165
-179,139,165
-182,148,170
-182,153,173
-183,159,176
-186,167,182
-184,172,183
-182,176,184
-181,181,186
-180,187,189
-180,193,192
-179,199,195
-175,201,193
-172,205,195
-169,209,195
-89,113,105
-68,90,82
-63,87,78
-60,86,76
-61,90,79
-60,92,80
-57,91,78
-79,132,112
-136,235,197
-132,238,197
-127,239,197
-123,242,197
-119,244,197
-115,246,197
-110,248,197
-107,251,198
-102,252,197
-97,254,197
-92,254,196
-88,255,196
-84,260,199
-80,261,198
-75,262,198
-71,265,199
-66,265,199
-61,264,197
-56,264,196
-51,264,196
-47,265,195
-42,266,196
-37,266,195
-33,267,195
-28,266,195
-23,268,195
-19,269,196
-14,270,196
-9,268,195
-5,269,195
0,269,195
5,268,195
9,268,195
14,266,193
19,268,195
23,268,195
28,266,195
33,268,196
38,268,196
42,263,193
47,265,196
51,263,195
56,264,196
60,262,195
65,260,195
69,259,195
74,259,196
79,257,195
82,254,194
87,252,193
91,251,194
96,249,194
101,249,195
105,246,195
109,245,195
114,243,195
118,241,195
122,239,195
126,237,195
129,233,193
133,231,193
139,231,196
141,226,193
145,224,194
148,219,192
153,218,193
156,215,193
159,211,192
164,210,193
168,207,194
171,203,193
174,200,193
176,196,192
180,193,192
184,190,192
187,187,192
190,183,192
193,180,192
194,174,189
197,171,189
200,168,190
202,163,189
203,159,188
205,154,186
206,149,185
207,145,184
207,139,181
207,134,179
207,129,178
210,126,178
210,121,176
211,117,175
211,112,173
214,109,175
214,104,173
214,100,172
215,96,171
214,91,169
216,87,169
218,83,169
217,79,168
219,80,163
217,83,163
214,87,162
216,92,164
213,95,163
211,98,163
208,102,162
207,105,162
205,109,163
206,114,165
207,120,167
206,124,168
207,129,171
205,133,171
207,140,175
205,143,175
203,148,176
201,152,177
200,156,178
201,163,181
198,166,181
197,171,183
193,174,182
191,178,183
188,182,183
185,185,183
183,190,185
180,194,185
178,197,186
173,199,185
171,204,186
170,209,189
164,210,186
161,214,188
156,215,186
154,219,188
152,225,190
146,225,188
142,228,188
140,232,190
136,235,190
131,237,190
127,239,189
124,243,191
120,245,191
115,246,190
111,248,190
106,250,190
102,252,190
97,254,190
94,257,192
89,257,190
84,259,191
80,260,190
75,263,192
71,263,191
66,264,190
61,266,191
57,268,192
52,269,192
48,270,192
43,271,192
38,273,193
33,272,192
29,273,192
24,272,191
19,271,190
14,274,192
10,273,192
5,274,192
0,272,190
-5,272,190
-10,273,191
-14,273,192
-19,273,192
-24,273,192
-28,270,190
-33,272,192
-38,273,193
-43,273,193
-48,270,192
-53,272,194
-57,268,192
-62,268,193
-67,267,193
-71,266,193
-76,265,193
-80,263,193
-85,261,192
-90,261,193
-94,259,193
-100,260,195
-104,258,195
-108,254,193
-50,112,86
-43,91,71
-43,88,68
-44,86,68
-44,83,66
-45,82,65
-46,80,65
-47,79,64
-47,76,63
-50,76,64
-50,74,63
-51,73,63
-53,73,63
-55,73,64
-57,74,65
-59,73,66
-94,112,103
-178,205,190
-184,204,192
-188,201,193
-188,194,189
-192,192,190
-191,184,186
-192,179,184
-193,174,182
-189,164,176
-190,160,174
-187,152,169
-188,147,167
-190,143,166
-191,139,165
-193,135,165
-196,132,165
-198,128,165
-199,125,165
-198,119,162
-201,116,162
-204,113,163
-206,110,163
-205,105,161
-208,101,162
-209,97,161
-212,94,162
-213,90,162
-213,86,161
-215,82,161
-215,78,160
-212,73,157
-219,71,161
-216,66,158
-219,63,159
-214,57,155
-221,55,159
-221,51,159
-220,47,158
-221,43,158
-222,39,158
-223,35,158
-225,32,159
-196,24,138
-187,20,132
-189,17,133
-186,13,131
-189,10,132
-191,7,134
-190,3,133
-193,0,135
-193,0,130
-193,3,130
-192,7,130
-192,10,130
-194,14,131
-192,17,130
-188,20,127
-186,23,126
-187,26,127
-186,29,127
-180,32,123
-183,36,126
-221,47,153
-223,51,154
-222,55,154
-211,56,147
-222,64,155
-220,67,155
-219,71,155
-212,73,151
-219,80,157
-219,84,158
-218,88,159
-218,93,160
-216,96,159
-216,101,160
-215,105,162
-188,96,142
-214,114,163
-211,117,163
-207,120,162
-210,126,165
-205,128,163
-204,133,164
-202,136,164
-200,140,164
-199,145,166
-196,148,166
-194,152,166
-187,151,162
-186,156,164
-185,160,165
-184,165,167
-181,168,167
-182,176,171
-179,179,171
-181,187,176
-179,192,177
-182,202,183
-177,203,182
-177,211,186
-178,220,191
-177,226,193
-174,231,195
-170,233,195
-167,238,196
-163,241,196
-159,245,197
-155,248,197
-150,249,196
-146,253,197
-141,255,196
-137,258,197
-132,260,197
-128,263,197
-123,264,197
-118,265,196
-113,267,196
-109,270,196
-103,268,193
-99,272,195
-93,271,193
-89,274,194
-84,275,194
-80,278,195
-75,279,195
-70,280,195
-64,279,193
-59,280,193
-55,282,193
-49,279,191
-45,282,192
-40,283,193
-35,282,192
-30,282,191
-25,282,191
-20,284,192
-15,283,191
-10,286,193
-5,282,190
0,282,190
5,283,191
10,284,192
15,284,192
20,283,191
25,282,191
30,282,191
35,283,192
40,282,192
45,282,192
49,279,191
54,280,192
59,279,192
64,278,192
69,275,191
73,273,191
79,275,193
84,274,193
88,272,193
93,271,193
98,269,193
103,269,194
107,265,193
112,265,194
117,264,195
122,261,195
125,257,193
132,259,196
135,255,195
139,252,194
143,248,193
148,247,194
150,240,191
155,238,192
159,236,192
163,233,192
167,230,192
172,228,192
177,227,194
177,219,190
184,219,193
186,214,191
190,211,191
193,207,191
195,202,190
199,199,190
200,193,187
203,189,187
205,185,186
208,181,186
208,175,183
209,169,181
208,163,178
209,157,176
211,153,176
211,147,173
210,141,171
209,135,168
207,130,165
210,126,165
211,122,164
213,118,164
212,113,162
212,108,160
212,104,159
213,99,158
214,95,158
214,91,157
218,88,159
216,83,156
217,79,156
221,80,152
218,84,151
215,87,151
215,91,151
213,95,151
213,99,152
209,102,151
209,107,152
205,109,151
205,114,152
208,120,156
208,125,157
208,130,159
207,134,160
207,140,162
206,144,163
204,148,164
203,153,165
203,159,167
203,165,170
201,169,170
199,173,172
200,180,175
198,185,176
198,192,179
196,196,180
192,199,180
192,205,182
188,209,182
184,212,182
182,217,184
177,219,183
175,223,184
172,228,185
168,231,185
164,234,186
161,238,187
157,241,187
152,243,186
148,246,186
143,248,186
140,253,188
135,254,187
131,258,188
128,262,189
122,262,188
118,266,189
113,266,188
108,268,188
105,272,190
99,272,188
95,276,190
89,275,188
86,282,191
80,277,187
75,279,187
70,281,188
65,281,187
60,281,187
55,282,187
50,286,188
45,286,188
40,287,188
35,287,188
30,287,187
25,286,186
20,289,188
15,288,187
10,286,186
5,288,187
0,287,186
-5,285,185
-10,286,186
-15,286,186
-20,287,187
-25,287,187
-30,286,187
-35,286,187
-40,284,186
-45,285,187
-50,282,186
-55,285,188
-60,284,188
-66,285,190
-70,282,189
-75,280,188
-80,278,188
-85,279,190
-90,278,190
-95,275,189
-100,273,189
-106,276,192
-110,271,190
-115,270,191
-119,267,190
-124,265,190
-131,268,193
-134,263,192
-139,261,192
-143,258,192
-148,256,192
-152,254,192
-157,252,193
-162,249,193
-166,246,193
-170,243,192
-175,242,194
-180,238,194
-184,235,194
-184,227,190
-189,225,191
-191,220,190
-192,213,186
-192,205,182
-189,195,176
-190,190,175
-189,182,170
-189,176,168
-188,169,164
-190,165,163
-191,161,162
-195,158,163
-198,155,163
-201,151,163
-203,147,163
-207,145,164
-209,141,163
-212,137,164
-215,134,164
-216,130,163
-217,125,163
-216,120,161
-217,115,160
-219,112,160
-220,107,159
-182,85,131
-220,98,156
-218,93,154
-220,89,154
-220,84,153
-221,81,153
-212,73,145
-223,73,152
-225,69,152
-214,61,144
-221,59,149
-225,56,151
-225,52,150
-227,48,151
-226,44,150
-230,41,152
-229,36,151
-229,32,150
-189,23,124
-188,20,123
-188,16,123
-188,13,123
-187,10,121
-190,7,124
-190,3,123
-190,0,123
-193,0,120
-193,3,121
-193,7,121
-191,10,120
-192,13,120
-192,17,120
-191,20,120
-190,23,120
-186,26,118
-186,29,118
-182,32,116
-186,36,118
-225,48,144
-223,52,143
-222,55,143
-223,60,144
-214,61,139
-225,69,147
-223,73,147
-216,75,143
-225,82,149
-225,86,150
-223,90,150
-222,94,151
-221,98,151
-219,102,151
-222,108,154
-221,113,155
-219,116,155
-218,121,156
-217,125,156
-216,130,157
-214,134,158
-213,139,159
-214,145,162
-213,149,162
-213,155,164
-210,158,164
-205,160,163
-204,165,164
-201,168,164
-198,172,164
-196,176,165
-192,179,164
-189,183,164
-184,184,163
-182,189,164
-181,194,166
-182,202,170
-180,207,172
-183,218,178
-184,227,183
-184,235,187
-183,243,190
-180,248,192
-177,253,193
-173,257,193
-169,260,193
-166,265,196
-162,270,197
-157,272,196
-152,274,196
-146,275,194
-141,276,193
-136,280,194
-131,281,194
-126,282,193
-121,284,193
-115,284,191
-109,285,191
-103,283,188
-97,283,187
-93,286,188
-88,286,187
-83,289,188
-78,290,188
-72,289,186
-66,288,184
-61,287,183
-56,289,184
-51,291,184
-46,290,183
-41,289,182
-35,289,182
-30,289,182
-25,289,181
-20,288,181
-15,289,181
-10,287,180
-5,289,181
0,289,181
5,289,181
10,288,180
15,287,180
20,288,180
25,287,180
30,287,180
35,288,181
40,287,181
46,288,182
51,290,184
56,287,183
61,286,183
66,288,184
71,285,183
77,287,185
82,286,186
87,285,187
93,287,189
98,285,188
104,284,189
109,283,190
114,281,190
120,282,191
125,280,191
129,276,190
133,274,190
140,274,192
145,273,193
149,269,192
154,267,192
159,265,193
163,260,192
167,257,192
172,255,192
175,250,191
180,248,191
185,245,192
188,241,191
191,236,190
194,231,188
198,227,188
200,222,187
203,218,186
204,212,184
206,206,182
206,199,179
209,195,179
209,188,175
207,180,172
209,175,170
208,169,167
210,164,166
211,159,165
210,153,162
208,146,159
210,142,158
210,136,156
210,131,155
210,126,153
210,121,152
211,117,151
211,112,149
212,108,149
213,104,148
213,99,147
214,95,146
214,91,145
216,87,146
215,83,144
217,79,144
219,80,140
217,83,140
215,87,140
214,91,140
213,95,140
211,98,140
210,103,141
207,105,140
207,110,141
206,114,142
207,120,144
207,124,145
208,130,147
208,135,149
205,138,148
205,144,150
207,150,153
204,154,153
204,159,156
203,165,157
203,170,159
202,175,161
202,182,163
200,186,164
201,194,168
199,199,169
198,205,172
196,211,173
196,218,176
194,223,178
192,229,179
190,235,182
186,238,182
184,244,183
180,248,184
176,251,184
170,252,183
166,255,183
163,261,185
158,263,184
155,269,186
149,269,185
145,272,185
141,276,186
136,280,187
132,283,187
127,284,187
121,286,186
116,286,185
111,288,185
105,288,184
100,292,185
95,293,185
89,293,184
84,292,182
79,296,184
73,293,181
68,295,182
63,297,182
58,296,181
52,295,180
47,295,179
41,292,177
36,292,177
31,294,178
26,295,178
21,296,178
15,294,177
10,293,176
5,291,175
0,293,176
-5,292,176
-10,290,174
-15,291,175
-20,292,176
-25,290,175
-30,289,175
-36,289,175
-41,289,176
-46,290,176
-51,289,176
-56,290,178
-61,288,177
-67,289,178
-72,289,179
-78,290,180
-82,287,179
-87,286,180
-92,284,179
-98,284,180
-103,284,181
-108,282,182
-115,285,184
-121,284,185
-126,283,186
-131,280,186
-137,280,187
-142,280,189
-147,277,189
-153,275,189
-158,273,190
-162,270,189
-166,265,188
-171,263,189
-178,264,192
-182,260,191
-187,257,191
-191,254,191
-195,249,190
-196,242,187
-197,235,184
-197,226,180
-198,220,178
-197,211,174
-188,194,162
-190,190,161
-190,183,159
-195,182,160
-197,177,159
-201,175,160
-206,172,161
-210,170,162
-212,166,162
-215,162,162
-219,159,163
-218,152,160
-220,148,159
-221,143,158
-223,139,158
-222,133,156
-223,129,155
-229,127,157
-226,120,153
-225,115,152
-226,110,151
-224,104,148
-224,100,147
-223,94,145
-224,91,145
-223,86,144
-223,81,143
-219,75,139
-224,73,142
-225,69,142
-215,62,134
-224,60,140
-225,56,140
-228,53,141
-229,49,141
-227,44,139
-230,40,140
-226,36,138
-227,32,138
-191,24,116
-188,20,113
-186,16,112
-187,13,113
-187,10,112
-188,7,113
-189,3,114
-189,0,114
-191,0,110
-191,3,110
-190,7,110
-191,10,110
-190,13,110
-192,17,111
-190,20,110
-191,23,111
-190,27,111
-191,30,111
-185,33,108
-188,37,110
-227,48,134
-227,52,134
-229,57,136
-228,61,136
-217,62,130
-229,70,138
-229,74,139
-220,76,134
-227,83,139
-230,88,142
-229,92,142
-230,97,144
-225,100,142
-227,106,144
-225,110,144
-225,115,146
-223,119,146
-225,125,148
-221,128,147
-220,132,148
-221,138,150
-219,142,151
-219,148,152
-218,152,153
-214,156,153
-212,160,153
-212,166,155
-208,168,154
-206,173,155
-202,176,154
-201,181,156
-195,182,154
-193,186,155
-189,189,154
-185,192,154
-184,198,156
-186,207,160
-181,208,159
-187,223,168
-187,231,171
-187,239,175
-186,247,178
-184,254,181
-181,258,182
-178,264,184
-173,266,183
-169,271,184
-165,275,185
-159,276,184
-155,279,184
-150,282,184
-143,281,182
-138,283,181
-134,287,183
-128,287,181
-123,290,182
-116,288,179
-111,290,179
-106,291,178
-100,292,178
-95,292,177
-91,296,179
-85,296,178
-79,294,175
-74,295,175
-69,298,176
-63,296,175
-58,296,174
-52,293,172
-47,298,174
-42,297,173
-36,297,172
-31,295,171
-26,296,171
-21,295,171
-15,292,169
-10,296,171
-5,295,170
0,296,171
5,294,169
10,294,170
15,295,170
21,296,171
26,295,171
31,295,171
36,297,172
41,295,172
46,293,171
52,293,172
58,296,174
62,294,173
68,293,173
73,292,174
78,291,174
84,291,175
90,293,177
94,290,176
101,292,178
105,290,178
111,289,179
117,289,180
121,286,179
127,286,180
132,283,180
137,281,180
143,281,182
148,278,182
152,275,181
158,274,183
163,272,183
167,267,182
171,263,181
176,261,181
179,256,180
183,252,180
188,249,180
192,246,180
197,243,180
199,237,178
201,231,177
206,228,177
209,224,177
212,219,176
210,210,171
211,204,169
212,198,167
212,191,165
214,186,163
214,179,161
215,174,159
214,167,157
216,163,156
216,157,154
214,150,150
213,144,148
215,140,148
213,133,145
213,128,143
215,124,143
214,119,141
215,114,140
216,110,140
218,106,140
218,102,139
219,98,138
218,93,137
222,90,138
222,85,137
225,82,138
225,82,133
223,86,132
219,88,131
217,92,131
217,97,132
209,98,128
208,101,128
206,105,128
204,108,128
206,114,130
206,119,132
205,123,132
204,127,133
202,131,134
204,137,136
206,144,139
205,149,141
203,153,141
203,158,143
201,163,144
200,168,145
199,173,146
201,181,150
200,186,151
201,194,155
199,199,156
197,204,157
198,212,161
198,220,164
200,230,169
198,236,171
162,201,143
147,188,132
160,212,147
191,263,180
188,268,181
184,273,183
184,284,188
177,283,185
174,290,188
166,288,184
162,293,186
157,296,186
152,298,185
146,300,185
141,302,185
135,304,184
127,299,180
122,302,180
115,300,178
110,302,178
105,303,178
97,299,175
92,299,174
85,295,170
79,295,169
74,295,169
68,295,168
62,293,166
57,295,167
52,295,166
46,292,164
41,293,164
36,293,163
31,291,162
26,293,163
20,291,162
15,290,161
10,289,160
5,289,160
0,289,160
-5,289,160
-10,288,160
-15,286,159
-20,288,160
-25,288,160
-30,287,160
-35,286,160
-40,288,161
-46,288,161
-51,288,162
-55,285,161
-61,287,162
-66,286,163
-71,284,162
-77,288,165
-82,286,165
-88,287,166
-92,284,165
-98,284,166
-103,284,167
-109,283,168
-114,283,169
-119,281,169
-127,285,173
-133,285,175
-139,285,176
-144,283,176
-149,281,176
-156,282,178
-162,281,180
-169,282,182
-175,280,183
-181,279,184
-187,278,186
-196,279,189
-200,276,189
-201,266,185
-199,254,179
-203,251,179
-197,235,170
-199,228,168
-198,220,164
-197,211,160
-193,200,154
-194,194,152
-190,183,146
-194,181,147
-203,183,152
-211,183,155
-220,184,159
-220,178,157
-225,176,158
-226,170,157
-225,163,154
-224,157,152
-223,150,149
-225,146,149
-224,140,146
-226,136,146
-226,130,144
-223,124,142
-225,119,141
-226,115,141
-226,110,139
-225,105,138
-226,101,137
-223,95,134
-222,90,133
-224,86,133
-221,80,130
-223,77,131
-225,73,131
-221,68,128
-210,60,121
-224,60,128
-225,56,128
-225,52,128
-224,48,127
-229,45,129
-227,40,128
-225,36,126
-224,32,126
-187,23,104
-187,20,104
-188,16,105
-187,13,104
-189,10,105
-188,7,104
-188,3,104
-187,0,104
-191,0,101
-192,3,102
-191,7,102
-190,10,101
-191,13,102
-190,17,101
-191,20,102
-189,23,101
-188,26,101
-188,30,101
-187,33,101
-185,36,100
-226,48,123
-225,52,123
-226,56,124
-226,61,124
-226,65,125
-225,69,125
-227,74,127
-225,78,127
-223,81,126
-224,86,128
-226,91,130
-226,96,131
-225,100,131
-225,105,132
-221,108,131
-223,113,133
-221,118,133
-222,123,135
-224,129,138
-219,132,136
-222,138,139
-218,142,138
-218,147,140
-217,152,141
-219,159,144
-220,166,146
-218,170,147
-219,177,150
-221,186,154
-215,187,152
-218,196,156
-210,196,153
-200,193,148
-197,197,148
-193,200,148
-184,198,144
-180,200,143
-181,208,146
-184,220,153
-184,228,156
-188,241,162
-188,249,166
-188,259,170
-182,260,169
-182,270,173
-182,280,177
-181,290,182
-176,294,182
-170,294,181
-164,297,180
-157,295,177
-151,297,177
-146,298,177
-138,295,173
-131,294,171
-126,297,171
-119,294,169
-112,293,167
-107,293,166
-101,292,164
-95,291,163
-89,292,162
-84,292,161
-78,291,160
-73,294,161
-68,293,160
-62,293,159
-57,294,159
-52,293,158
-46,293,158
-41,291,156
-36,293,157
-31,293,157
-26,292,156
-20,292,155
-15,291,155
-10,294,156
-5,292,155
0,292,155
5,289,154
10,289,154
15,290,154
20,289,154
25,289,154
30,290,155
36,290,155
41,291,156
46,290,156
51,288,155
57,291,158
61,288,157
67,289,158
72,290,159
78,292,161
83,291,161
89,290,161
94,290,162
101,292,164
105,290,164
112,291,166
117,291,167
124,293,169
130,293,170
137,294,172
144,294,174
151,297,177
158,296,178
164,295,179
170,294,180
176,293,182
183,293,184
187,287,182
193,285,183
198,283,184
203,279,184
206,274,182
210,269,181
211,261,178
213,254,176
194,223,157
154,171,122
157,168,122
160,166,123
172,172,129
197,190,146
205,191,149
209,188,149
210,182,148
210,176,146
209,169,143
211,165,142
111,83,74
99,72,65
100,70,65
94,64,61
93,61,59
89,56,56
86,52,54
85,49,52
82,45,50
83,44,50
83,42,50
76,37,45
72,34,42
69,31,40
57,24,33
47,19,27
45,17,26
44,16,25
44,16,24
44,17,24
40,16,22
41,17,23
42,18,23
41,19,23
34,17,20
48,24,27
56,30,32
75,41,44
73,42,43
68,41,40
66,42,40
67,43,40
67,45,41
67,47,42
66,48,42
68,51,43
68,53,44
69,56,45
68,57,45
69,60,46
173,156,119
205,191,143
206,199,146
166,166,119
162,168,119
157,169,118
154,171,118
151,173,117
148,176,117
144,177,116
140,180,116
193,256,163
194,267,168
193,276,172
192,285,175
190,293,178
190,305,183
186,310,184
180,311,183
171,309,180
165,310,179
157,309,177
150,308,174
144,308,173
137,307,171
129,303,168
121,301,165
114,296,162
108,296,160
102,295,159
97,297,159
92,300,160
85,295,157
79,294,155
73,293,154
68,293,153
62,291,152
57,292,152
52,292,151
47,294,152
41,292,150
36,292,150
31,292,150
25,288,148
20,292,149
15,292,149
10,292,149
5,292,149
0,292,149
-5,287,146
-10,289,147
-15,287,146
-20,289,148
-25,286,146
-30,287,147
-35,287,148
-40,286,147
-46,288,148
-51,289,149
-56,288,149
-62,289,151
-66,286,150
-71,286,150
-76,283,149
-82,286,152
-87,284,151
-93,285,153
-98,284,153
-103,284,154
-109,283,154
-114,282,155
-120,282,156
-125,282,157
-131,282,158
-137,281,159
-142,279,160
-150,282,163
-156,281,163
-160,277,163
-168,280,166
-175,280,168
-181,279,170
-188,279,172
-196,280,174
-203,280,176
-202,268,171
-200,256,165
-200,247,162
-197,235,156
-195,225,152
-194,216,148
-193,207,144
-189,195,138
-188,188,135
-191,184,135
-194,181,135
-205,185,141
-213,185,144
-199,167,132
-218,177,143
-225,176,145
-224,169,143
-227,165,143
-226,158,140
-225,152,138
-223,145,136
-224,140,135
-227,136,135
-224,129,132
-224,124,130
-221,118,128
-206,105,118
-215,105,122
-223,104,125
-222,99,124
-221,94,123
-222,90,122
-223,86,122
-220,80,119
-222,76,119
-224,73,120
-212,65,113
-224,64,118
-218,58,115
-223,56,117
-226,52,118
-224,48,117
-224,44,116
-228,40,118
-220,35,113
-225,32,116
-185,23,95
-187,20,96
-186,16,95
-185,13,94
-184,10,94
-189,7,96
-187,3,95
-187,0,95
-191,0,93
-189,3,92
-190,7,93
-190,10,93
-190,13,93
-190,17,93
-190,20,93
-188,23,92
-189,27,93
-188,30,93
-185,33,92
-187,36,93
-228,48,114
-225,52,113
-226,56,114
-227,61,114
-224,64,114
-201,61,103
-225,73,115
-227,78,117
-225,82,117
-225,86,117
-224,91,118
-223,95,118
-225,100,120
-223,104,120
-221,108,120
-223,113,122
-219,116,121
-215,119,120
-220,127,124
-220,132,125
-221,138,127
-219,142,127
-222,150,131
-217,152,129
-222,161,134
-220,166,134
-222,173,137
-224,181,140
-220,185,140
-218,189,141
-219,197,144
-210,196,140
-204,197,138
-196,196,135
-189,196,133
-181,194,129
-186,206,135
-181,208,135
-186,222,141
-186,230,144
-189,242,149
-188,250,153
-185,255,154
-182,260,155
-182,270,159
-184,283,164
-184,294,169
-178,297,169
-171,297,167
-166,299,167
-157,294,163
-151,296,162
-145,296,161
-139,297,160
-131,295,157
-124,292,155
-118,292,153
-113,294,153
-106,291,151
-100,291,150
-94,290,149
-89,291,148
-84,293,149
-78,292,147
-73,292,147
-68,293,146
-62,294,146
-57,293,146
-52,293,145
-46,291,144
-42,296,146
-36,294,145
-31,293,144
-26,295,144
-20,291,142
-15,292,142
-10,291,142
-5,290,142
0,291,142
5,291,142
10,295,144
15,292,142
21,294,144
25,291,142
31,293,144
36,293,144
41,292,144
46,292,144
51,290,144
57,291,145
61,289,144
67,290,145
72,289,145
77,289,146
83,289,147
88,289,147
94,290,149
99,287,148
31,85,44
29,76,39
30,73,39
30,70,37
30,68,36
32,68,36
32,65,35
32,62,34
28,53,29
29,53,29
30,51,29
178,296,168
188,300,173
196,302,175
203,300,177
210,300,178
216,297,179
216,287,175
215,275,170
217,268,168
216,258,164
153,176,114
154,171,112
158,169,113
162,168,114
165,165,114
169,163,114
172,161,115
176,159,116
180,156,116
185,155,118
189,153,118
193,151,119
196,148,120
201,146,121
208,145,124
211,142,124
213,139,124
213,133,122
213,128,121
217,125,122
218,121,121
218,116,121
221,113,121
224,109,121
222,104,120
226,101,121
231,98,122
233,94,122
228,88,119
220,80,114
221,81,110
220,84,110
218,88,110
217,92,110
215,96,110
214,100,110
209,102,109
205,105,107
206,109,109
323,179,172
316,182,170
245,147,133
229,143,126
223,145,124
219,147,123
214,150,122
210,153,121
208,157,121
198,155,117
191,155,115
187,157,114
182,158,112
180,162,113
176,164,112
173,167,112
169,169,112
166,171,111
161,173,110
156,174,109
152,175,108
149,178,108
145,179,107
141,181,107
166,221,129
197,271,156
200,286,163
200,297,167
200,308,171
195,312,172
191,319,173
183,317,171
174,315,168
165,310,164
157,308,161
149,305,158
142,305,157
136,305,156
129,305,154
123,305,153
117,305,153
110,302,150
103,298,147
97,300,147
91,299,146
87,303,147
80,299,145
75,300,144
70,301,144
63,296,141
58,299,142
56,320,151
48,306,145
43,302,142
37,303,142
32,303,142
26,301,141
21,299,140
16,300,140
10,299,139
5,297,139
0,297,139
-5,295,137
-10,285,133
-15,287,134
-20,288,134
-25,287,134
-30,288,135
-35,287,135
-40,287,135
-46,288,136
-51,288,137
-56,288,137
-61,286,137
-66,286,137
-71,287,138
-76,285,138
-82,287,139
-87,283,138
-92,282,138
-99,286,141
-103,284,141
-108,283,141
-114,283,142
-120,283,143
-126,282,144
-132,283,145
-138,283,147
-144,283,148
-151,283,150
-93,167,89
-49,86,46
-50,83,45
-51,81,45
-52,80,44
-53,79,44
-55,78,44
-58,79,46
-58,77,45
-60,76,45
-60,75,45
-62,74,45
-62,72,44
-64,71,44
-64,69,44
-66,68,44
-66,66,44
-70,68,46
-73,68,46
-75,68,47
-79,68,49
-84,70,51
-101,82,60
-223,174,132
-224,169,131
-225,164,130
-223,156,127
-222,150,125
-223,145,124
-224,140,123
-224,134,122
-221,128,119
-226,125,120
-225,120,119
-225,115,118
-223,109,116
-223,104,115
-223,99,114
-223,95,113
-221,89,111
-221,85,110
-221,81,110
-223,77,110
-222,72,109
-222,68,108
-223,64,108
-225,60,109
-226,56,109
-225,52,108
-226,48,108
-225,44,107
-225,40,106
-226,36,107
-225,32,106
-188,23,88
-187,20,87
-189,17,88
-183,13,85
-188,10,88
-187,7,87
-188,3,87
-188,0,87
-191,0,85
-189,3,84
-190,7,85
-191,10,85
-190,13,85
-189,17,85
-189,20,85
-189,23,85
-188,26,85
-187,30,84
-187,33,85
-186,36,84
-224,48,102
-225,52,103
-227,57,104
-226,61,104
-224,64,104
-225,69,105
-227,74,106
-226,78,107
-225,82,107
-226,87,108
-227,92,109
-224,95,108
-223,99,109
-222,103,109
-223,109,110
-224,114,112
-221,118,111
-223,124,113
-220,127,113
-222,134,116
-218,137,115
-221,143,117
-220,148,118
-219,154,119
-217,157,119
-217,163,121
-217,169,122
-153,124,88
-99,83,58
-96,83,57
-93,84,56
-91,85,55
-89,86,55
-88,88,55
-86,89,55
-83,89,54
-79,88,53
-79,90,53
-77,92,53
-76,94,54
-75,96,54
-81,107,60
-98,135,74
-136,195,106
-183,272,146
-183,281,149
-183,294,154
-178,297,154
-171,297,153
-163,294,150
-158,297,150
-150,295,147
-145,296,147
-139,297,146
-131,295,144
-125,294,142
-118,292,140
-113,293,140
-106,291,138
-100,289,136
-94,288,135
-89,290,135
-83,291,135
-78,291,134
-72,289,133
-67,292,133
-62,292,133
-56,291,132
-52,292,132
-46,291,131
-41,294,132
-36,294,132
-31,293,131
-26,293,131
-21,293,131
-15,294,131
-10,294,131
-5,291,130
0,292,130
5,288,128
10,291,130
16,298,133
21,298,133
26,299,134
32,300,134
37,302,135
42,300,135
48,301,136
53,302,137
58,300,136
65,304,138
70,303,138
76,306,140
81,304,140
90,314,146
90,294,137
96,295,138
101,294,138
106,292,138
112,293,140
118,293,141
124,292,141
130,293,143
135,290,142
143,293,145
151,295,148
159,298,150
165,297,151
172,298,153
179,298,155
190,304,159
198,304,161
207,307,165
213,305,166
217,299,164
218,289,161
218,279,158
217,268,153
216,258,150
205,236,139
153,170,102
156,167,102
161,166,103
164,164,103
168,162,104
172,161,105
175,158,105
181,157,107
185,156,108
190,154,109
194,151,109
198,150,111
202,147,111
203,142,110
216,146,116
227,147,120
232,145,122
233,140,121
237,137,122
244,136,124
271,144,137
291,148,146
321,157,159
340,159,167
346,154,168
346,147,168
348,141,167
341,131,163
219,80,104
219,80,99
218,84,99
217,88,99
217,92,100
214,95,100
209,98,98
207,101,98
205,104,98
329,175,158
330,183,160
331,191,162
329,198,163
327,204,164
327,213,166
326,220,167
324,227,168
280,203,147
204,154,109
195,152,105
192,155,105
188,158,104
183,159,103
179,161,102
175,163,102
170,164,100
166,166,100
162,168,99
159,171,99
155,172,98
152,174,98
147,176,97
144,177,97
141,181,97
188,250,133
195,268,141
195,279,145
194,288,147
194,298,151
194,311,156
190,316,157
180,312,153
171,308,150
162,306,147
155,305,145
148,303,143
142,305,143
136,304,141
128,302,139
123,304,139
114,297,135
108,296,134
104,301,135
97,299,133
92,301,134
87,302,133
81,303,133
76,305,133
69,299,130
63,298,129
58,296,128
53,303,131
49,307,132
43,304,130
37,302,129
31,299,128
26,299,127
21,298,127
16,298,127
10,297,126
5,296,126
0,293,124
-5,290,123
-10,285,121
-15,286,122
-20,289,123
-25,289,123
-30,287,122
-35,287,123
-40,287,123
-46,287,123
-51,286,123
-56,287,124
-61,285,124
-66,285,124
-71,285,125
-76,285,125
-82,285,126
-87,283,126
-92,282,126
-98,285,128
-103,283,128
-109,283,129
-114,282,129
-119,281,130
-126,283,131
-132,284,133
-137,280,132
-144,283,135
-149,280,135
-155,279,136
-160,277,136
-168,279,138
-174,279,139
-182,281,142
-147,218,112
-71,102,53
-73,101,53
-75,99,53
-77,98,53
-77,95,52
-80,96,53
-82,94,53
-83,92,52
-85,92,53
-87,90,53
-90,90,54
-94,91,55
-96,90,56
-101,91,57
-188,164,106
-219,184,122
-227,184,124
-226,177,122
-226,171,120
-223,162,117
-224,157,116
-221,149,113
-220,143,111
-221,138,111
-221,133,109
-221,127,108
-222,123,108
-219,117,105
-221,112,105
-219,107,104
-220,103,103
-221,98,103
-222,94,102
-222,90,102
-220,84,100
-221,81,100
-223,77,100
-225,73,100
-225,69,100
-222,64,98
-227,61,100
-222,55,97
-225,52,98
-225,48,98
-226,44,98
-226,40,97
-224,35,96
-189,27,81
-185,23,79
-184,19,79
-184,16,79
-181,13,77
-188,10,80
-187,7,79
-188,3,80
-186,0,79
-189,0,76
-192,3,78
-189,7,76
-190,10,77
-188,13,76
-190,17,77
-188,20,76
-185,23,75
-184,26,75
-185,29,76
-184,32,75
-182,35,75
-197,42,81
-224,52,93
-223,56,93
-225,60,94
-224,64,94
-224,69,95
-225,73,96
-223,77,95
-224,81,96
-222,85,96
-224,91,98
-223,95,98
-221,98,98
-221,103,99
-223,109,100
-221,112,100
-217,115,99
-217,120,100
-218,126,102
-220,132,104
-217,136,103
-219,142,105
-218,147,106
-219,153,108
-219,159,109
-220,166,111
-219,171,112
-220,178,114
-219,184,116
-144,125,77
-101,91,55
-97,90,54
-93,90,52
-89,89,51
-85,88,49
-82,88,49
-83,92,50
-88,101,54
-92,109,58
-183,226,118
-184,235,121
-186,247,125
-186,256,128
-186,265,131
-183,271,132
-179,275,133
-180,288,137
-179,297,140
-170,294,137
-165,297,137
-157,295,135
-149,292,133
-143,293,131
-136,291,130
-130,291,129
-124,292,128
-118,291,127
-111,290,125
-106,292,125
-100,289,124
-94,290,123
-89,292,123
-83,290,122
-78,290,121
-72,288,120
-67,290,120
-62,290,120
-56,290,119
-51,289,118
-46,290,119
-41,289,118
-35,289,118
-30,289,117
-25,291,118
-20,290,117
-15,290,117
-10,289,117
-5,292,118
0,289,117
5,287,116
10,292,118
15,294,119
21,296,120
26,296,120
31,295,120
36,297,121
42,297,121
47,298,122
53,299,123
58,299,123
64,301,124
69,300,124
76,303,126
81,302,126
84,292,123
89,292,123
95,294,125
101,294,125
108,296,127
113,295,128
120,297,129
125,294,129
129,290,128
134,287,128
141,289,130
147,289,131
156,293,134
164,296,137
171,296,138
180,300,141
188,301,143
196,302,145
205,304,148
213,304,150
215,296,148
214,284,144
215,275,141
213,263,137
212,252,133
153,176,94
153,170,92
157,168,93
161,167,94
163,163,93
167,161,94
171,159,94
174,156,94
178,155,95
183,153,96
187,151,97
191,150,98
197,148,100
200,146,100
205,144,101
219,148,107
334,217,161
340,212,162
339,204,160
342,197,160
343,190,158
342,182,157
344,175,156
345,168,155
348,162,155
346,154,153
348,148,153
346,140,151
347,133,150
219,80,94
218,79,89
218,84,90
216,87,90
215,91,90
213,95,90
212,99,90
208,101,89
215,109,92
333,177,145
333,185,146
332,192,147
334,201,149
332,207,150
331,215,152
332,224,154
330,231,154
305,222,145
210,158,101
199,155,97
192,155,95
190,160,95
184,160,94
180,162,93
175,163,92
171,165,91
168,168,91
164,170,91
160,171,90
156,173,89
152,175,89
149,178,89
145,178,88
141,181,88
139,185,89
187,257,122
195,279,131
198,293,136
200,308,141
198,317,143
191,318,143
186,322,143
179,323,142
170,319,139
160,314,135
153,313,134
142,305,129
134,301,127
128,301,125
122,301,125
116,302,124
110,304,124
103,300,122
98,301,121
93,304,122
87,302,121
81,301,120
75,303,120
70,302,119
64,303,119
59,306,120
53,303,118
49,307,119
44,310,120
37,305,118
32,307,119
26,301,116
21,301,116
16,299,115
10,300,115
5,299,115
0,295,113
-5,294,113
-10,290,111
-15,289,111
-20,291,112
-25,289,111
-30,290,112
-36,291,113
-41,290,113
-46,289,112
-51,290,113
-56,288,113
-61,285,112
-66,287,113
-71,284,113
-77,289,115
-82,286,114
-87,285,114
-94,289,116
-98,284,115
-104,286,117
-110,286,118
-115,285,118
-120,284,118
-127,285,120
-132,283,120
-138,283,121
-144,283,122
-150,282,123
-156,282,124
-163,283,125
-170,282,127
-177,283,128
-182,280,128
-190,282,130
-198,283,133
-202,279,132
-199,264,127
-196,251,122
-197,243,120
-197,235,118
-197,226,115
-197,219,113
-197,211,111
-189,195,104
-191,191,104
-190,184,101
-194,181,102
-112,101,58
-102,89,52
-100,84,50
-99,80,49
-96,75,47
-93,70,45
-93,67,44
-93,65,43
-95,64,44
-98,64,45
-109,68,49
-119,72,53
-221,127,98
-222,123,97
-222,118,96
-223,114,96
-223,109,95
-221,103,94
-223,99,94
-222,94,92
-222,90,92
-221,85,91
-225,82,92
-225,78,91
-226,74,91
-224,69,90
-223,64,89
-224,60,89
-225,56,89
-227,53,90
-226,48,89
-225,44,88
-226,40,88
-227,36,88
-197,28,76
-185,23,72
-185,19,71
-186,16,72
-181,13,70
-186,10,72
-187,7,72
-187,3,72
-187,0,72
-191,0,69
-190,3,69
-190,7,69
-190,10,69
-189,13,69
-189,17,69
-187,20,68
-184,23,67
-185,26,68
-182,29,67
-180,32,66
-182,35,67
-220,47,82
-222,51,83
-222,55,83
-223,60,84
-221,63,84
-223,68,85
-225,73,86
-222,76,86
-223,81,87
-223,86,87
-221,89,87
-222,94,88
-221,99,88
-221,103,89
-221,108,90
-217,110,89
-216,115,89
-219,122,91
-219,126,92
-220,132,93
-172,108,74
-114,74,50
-105,71,46
-95,66,42
-93,67,42
-92,69,42
-90,71,42
-91,73,42
-89,74,42
-90,78,43
-91,82,45
-93,87,46
-95,91,48
-102,102,52
-129,133,67
-181,194,96
-178,198,97
-180,207,100
-175,208,99
-182,224,105
-185,237,109
-185,245,112
-185,255,115
-182,260,116
-181,268,118
-181,279,121
-182,292,125
-178,296,126
-170,294,123
-164,297,123
-155,292,120
-150,295,120
-143,292,118
-137,293,118
-130,292,116
-124,293,116
-117,290,114
-112,291,114
-105,288,111
-99,288,111
-95,291,111
-88,288,110
-83,288,109
-78,290,109
-72,290,109
-67,291,109
-62,290,108
-57,291,108
-51,291,107
-46,292,108
-41,290,107
-36,291,107
-30,290,106
-26,292,107
-20,292,106
-15,292,106
-10,290,106
-5,290,106
0,290,106
5,290,106
10,290,106
15,290,106
21,297,108
26,297,108
31,298,109
37,299,110
42,301,110
48,303,111
53,299,110
58,300,111
64,300,111
70,301,113
75,302,113
81,302,114
86,300,114
90,293,111
95,291,111
102,296,114
107,293,114
113,294,115
118,293,115
125,294,116
129,290,116
134,288,116
142,291,118
150,294,120
157,295,121
164,297,123
171,297,125
180,300,127
188,300,129
196,302,131
207,306,134
213,304,135
215,296,133
215,286,130
216,277,128
217,268,126
213,254,121
164,189,91
153,170,83
156,168,83
161,166,84
164,164,84
168,162,85
172,160,86
175,158,86
181,157,87
184,154,87
187,151,88
193,150,89
196,148,89
199,145,90
206,144,91
224,151,98
337,219,146
338,211,145
339,204,144
343,198,144
343,190,143
346,184,143
347,177,142
345,168,140
347,162,140
348,155,139
348,148,137
347,140,136
348,134,136
219,80,85
219,80,80
218,84,80
217,87,80
215,91,80
212,95,80
211,98,80
208,102,80
268,137,104
334,178,130
334,185,132
331,191,132
332,200,133
331,207,134
331,215,136
331,223,137
331,232,139
321,233,137
215,162,93
201,157,88
194,157,86
189,159,85
183,159,83
178,161,83
175,163,82
172,166,82
168,168,82
166,172,82
161,172,81
156,174,80
151,174,79
148,176,79
146,180,80
142,182,79
139,184,79
194,267,114
197,281,118
201,298,124
199,306,126
197,316,128
192,319,128
187,323,129
176,318,125
167,314,122
157,307,119
148,303,116
140,301,114
135,303,114
130,307,115
125,309,115
118,307,113
110,302,111
103,300,109
98,303,110
92,301,108
87,304,109
82,305,109
77,307,109
71,308,109
65,304,107
59,302,106
55,311,109
49,308,107
43,305,106
38,306,106
32,303,105
26,302,105
21,301,104
16,301,104
11,301,104
5,300,103
0,301,104
-5,295,102
-10,290,100
-15,288,99
-20,291,101
-25,291,101
-31,292,101
-36,291,101
-41,291,101
-46,290,101
-51,290,101
-56,289,101
-61,288,101
-67,288,102
-72,288,102
-78,290,103
-82,286,103
-88,288,104
-93,286,104
-99,286,104
-103,284,104
-109,284,105
-116,287,106
-121,285,107
-127,286,108
-133,285,108
-137,281,108
-144,283,109
-152,286,111
-156,282,111
-162,281,112
-171,284,114
-175,280,114
-183,282,116
-191,284,118
-197,282,119
-199,274,117
-197,261,113
-196,250,109
-195,241,107
-194,231,104
-196,225,103
-194,216,100
-196,210,99
-188,195,93
-191,191,93
-191,185,91
-103,96,49
-93,84,43
-91,79,42
-91,77,41
-90,73,40
-89,70,39
-91,68,39
-90,66,38
-94,66,39
-107,72,44
-110,72,45
-208,130,84
-223,134,90
-224,129,89
-223,124,88
-220,117,86
-222,113,86
-221,108,85
-223,104,85
-222,99,84
-221,94,83
-222,90,82
-222,85,82
-223,81,82
-224,77,82
-224,73,81
-222,68,80
-223,64,80
-223,60,79
-224,56,79
-225,52,79
-225,48,79
-224,43,78
-224,40,78
-226,36,79
-190,27,66
-183,22,63
-184,19,64
-185,16,64
-183,13,63
-188,10,65
-188,7,65
-188,3,65
-187,0,64
-188,0,61
-191,3,62
-190,7,62
-189,10,61
-190,13,62
-189,16,61
-188,20,61
-188,23,61
-186,26,61
-184,29,61
-178,31,59
-179,35,59
-223,47,74
-244,56,81
-1,0,0
-1,0,0
-270,77,91
-234,71,79
-231,75,79
-227,78,78
-223,81,77
-231,89,80
-1,0,0
-1,0,0
-1,0,0
-1,0,0
-236,115,85
-230,117,84
-220,117,81
-220,122,82
-220,127,83
-217,130,82
-216,135,83
-216,140,84
-215,145,84
-216,151,86
-219,159,88
-216,163,88
-217,169,89
-220,178,92
-217,182,92
-215,187,92
-101,91,44
-92,86,41
-87,84,39
-85,85,39
-82,85,38
-80,86,38
-80,89,39
-77,89,38
-75,90,38
-76,94,39
-75,96,40
-72,96,39
-71,98,39
-71,102,40
-68,100,39
-66,101,39
-62,100,38
-61,102,39
-60,105,39
-60,108,40
-156,294,108
-150,294,107
-143,292,106
-136,292,105
-131,294,104
-124,292,103
-117,290,102
-111,289,100
-105,290,100
-99,287,99
-93,287,98
-88,289,98
-83,288,97
-77,288,97
-72,290,97
-67,290,97
-61,289,96
-56,289,96
-52,292,96
-46,290,95
-41,289,95
-36,291,95
-31,290,95
-25,290,95
-20,289,94
-15,291,95
-10,289,94
-5,289,94
0,285,93
5,288,94
10,286,93
15,293,95
21,297,97
26,295,96
31,296,97
36,296,97
41,295,97
47,296,97
52,297,98
58,299,99
63,297,99
69,298,100
75,300,100
80,299,101
84,293,99
89,290,99
95,292,100
100,290,100
107,293,101
112,293,102
118,292,102
123,289,102
129,289,103
135,290,104
142,291,105
148,291,106
156,294,108
163,294,109
171,296,111
178,297,112
185,296,113
195,300,116
204,303,119
213,304,121
217,299,120
216,286,116
214,274,113
213,263,110
212,253,107
155,178,77
151,168,74
156,167,74
160,166,75
163,163,75
166,161,75
169,158,75
175,157,76
178,155,77
182,153,77
186,150,78
189,148,78
193,145,78
198,144,79
203,142,80
211,143,83
290,189,112
340,212,130
342,206,130
342,197,128
344,190,128
342,182,126
342,174,125
343,167,124
344,160,123
345,154,123
346,147,122
347,140,121
341,131,119
217,79,75
217,79,71
218,84,71
214,86,70
214,91,71
212,95,71
211,98,71
208,101,71
208,106,71
332,176,115
331,184,116
330,190,116
330,198,118
328,205,118
330,214,120
331,223,122
327,229,122
216,157,82
201,151,77
195,152,76
191,155,75
186,156,74
182,158,74
177,159,73
173,161,72
169,163,72
166,166,72
163,169,72
157,169,70
155,172,71
151,174,70
148,176,70
144,178,70
140,179,69
138,183,70
179,247,93
194,277,103
197,293,108
201,310,113
194,310,112
188,312,111
182,315,111
176,317,111
167,314,109
158,309,106
150,308,105
141,302,102
133,300,100
127,299,99
121,300,99
116,303,99
111,304,99
103,300,97
98,300,96
93,304,97
86,302,96
80,300,95
74,298,94
69,298,94
63,297,93
58,297,92
53,303,94
48,302,94
42,300,93
37,299,92
31,299,92
26,297,91
21,298,91
16,296,91
10,296,91
5,297,91
0,295,90
-5,294,90
-10,287,88
-15,287,88
-20,287,88
-25,286,88
-30,288,89
-35,288,89
-40,286,88
-45,287,89
-50,286,89
-56,287,89
-60,284,89
-66,285,89
-71,287,90
-77,286,91
-82,287,91
-87,284,91
-92,283,91
-98,284,92
-104,285,93
-108,282,92
-114,282,93
-120,283,94
-125,281,94
-131,280,94
-137,280,95
-144,282,97
-150,283,98
-156,281,98
-162,280,99
-62,103,37
-61,97,35
-61,94,34
-63,93,34
-65,92,34
-66,91,34
-74,98,37
-74,95,37
-75,93,37
-77,92,37
-77,88,36
-77,86,35
-78,84,35
-80,83,35
-82,82,35
-85,82,36
-88,82,37
-114,102,47
-214,186,87
-221,185,88
-221,179,87
-224,175,87
-228,172,87
-229,166,87
-1,1,0
-224,151,83
-219,142,80
-225,140,81
-230,138,82
-225,130,80
-1,0,0
-1,0,0
-234,119,80
-1,0,0
-1,0,0
-1,0,0
-1,0,0
-1,0,0
-229,88,75
-224,81,73
-225,78,73
-228,74,73
-268,82,86
-1,0,0
-1,0,0
-1,0,0
-1,0,0
-1,0,0
-1,0,0
-1,0,0
-229,36,71
-183,26,56
-182,22,56
-182,19,56
-184,16,56
-181,13,56
-185,10,57
-185,6,57
-186,3,57
-187,0,57
-186,0,53
-187,3,54
-187,7,54
-187,10,54
-188,13,54
-187,16,54
-187,20,54
-184,23,53
-183,26,53
-183,29,53
-179,32,52
-178,35,52
-225,48,66
-1,0,0
-1,0,0
-1,0,0
-1,0,0
-233,71,70
-229,74,69
-224,77,68
-225,82,69
-1,0,0
-1,0,0
-1,0,0
-1,0,0
-1,0,0
-1,0,0
-218,111,70
-1,0,0
-1,0,0
-1,0,0
-252,151,84
-248,155,84
-224,146,77
-219,148,76
-226,158,79
-1,1,0
-1,1,0
-112,88,41
-102,82,37
-96,80,36
-92,80,35
-90,81,35
-89,83,35
-88,85,35
-86,86,35
-78,81,32
-74,79,31
-73,81,31
-73,84,32
-81,96,36
-82,101,37
-82,105,38
-180,239,86
-180,248,88
-181,259,91
-183,271,94
-183,282,96
-182,291,98
-176,293,98
-168,291,96
-162,293,96
-154,290,94
-149,292,94
-142,292,93
-135,290,92
-130,292,92
-124,292,91
-118,292,90
-112,291,89
-106,290,88
-100,290,88
-94,289,87
-89,290,87
-82,287,86
-77,288,85
-72,289,85
-67,289,85
-62,290,85
-56,290,85
-51,289,84
-46,288,84
-40,287,83
-35,288,83
-30,289,83
-25,287,83
-20,288,83
-15,288,83
-10,288,83
-5,293,84
0,288,83
5,285,82
10,285,82
15,290,83
21,293,84
26,297,85
31,295,85
36,295,85
42,298,86
47,298,87
52,296,86
58,296,87
63,298,87
69,299,88
75,299,88
79,294,87
83,290,87
89,291,87
94,291,88
100,290,88
106,292,89
112,293,90
119,294,91
124,291,91
129,289,91
134,288,91
142,291,93
148,291,94
156,293,95
163,294,96
169,292,97
178,297,99
185,297,100
195,300,103
205,304,105
213,305,107
212,292,104
212,281,101
209,267,97
210,259,96
210,250,94
150,173,66
152,169,65
156,167,66
160,165,66
163,163,66
167,162,67
171,159,67
175,158,68
177,154,67
183,153,68
185,149,68
190,149,69
196,148,70
198,144,70
204,143,71
230,155,80
332,216,114
335,209,113
335,201,112
336,194,111
339,188,111
340,181,111
340,173,109
343,167,109
344,160,109
345,154,108
346,147,108
351,142,109
349,134,107
258,94,79
220,80,63
217,83,62
215,87,62
215,91,63
212,94,62
209,98,62
208,102,62
212,108,64
331,176,100
331,184,101
330,190,102
330,198,103
329,206,104
330,214,105
329,222,106
328,229,107
265,192,88
208,156,70
196,153,67
192,156,66
187,157,65
184,160,65
179,161,64
177,165,65
171,165,64
167,167,63
163,169,63
161,172,63
156,173,62
151,174,62
147,175,61
145,179,62
140,180,61
140,186,62
198,272,90
200,286,93
198,293,95
199,307,98
195,312,99
191,318,99
184,318,98
175,316,97
166,312,95
156,306,92
148,304,91
142,305,90
136,306,90
131,309,90
124,306,89
117,306,88
109,300,86
104,301,85
98,300,85
92,299,84
81,284,79
76,283,78
63,253,70
19,82,23
18,83,23
16,83,23
15,86,23
13,85,23
12,84,23
10,83,23
9,85,23
8,87,23
6,86,23
4,83,22
3,81,22
1,84,23
0,81,22
-1,79,21
-3,84,23
-5,87,23
-6,90,24
-8,90,24
-10,96,26
-35,283,76
-41,289,78
-46,289,78
-51,288,78
-56,287,78
-61,288,79
-66,287,79
-72,288,79
-77,286,79
-82,285,79
-88,286,80
-93,286,80
-97,283,80
-104,285,81
-109,284,82
-115,285,82
-120,283,82
-127,284,83
-132,283,84
-138,284,85
-144,282,85
-151,284,86
-156,281,86
-165,285,88
-170,283,89
-177,283,90
-185,285,91
-192,284,92
-199,284,93
-200,275,91
-199,264,89
-199,254,86
-199,246,85
-196,234,82
-198,227,81
-196,218,79
-196,211,77
-189,195,73
-195,195,74
-191,185,71
-134,125,49
-131,118,47
-133,115,47
-119,100,42
-113,91,39
-113,89,39
-114,86,38
-114,83,38
-117,82,38
-119,80,38
-121,78,39
-125,78,40
-127,76,40
-130,75,40
-133,74,41
-142,76,43
-132,67,40
-133,65,40
-134,62,40
-136,61,40
-139,59,40
-142,57,41
-1,0,0
-233,85,67
-227,78,64
-227,74,64
-232,71,65
-1,0,0
-1,0,0
-1,0,0
-1,0,0
-1,0,0
-1,0,0
-254,45,69
-217,34,59
-183,26,49
-182,22,49
-184,19,50
-180,16,48
-185,13,50
-185,10,50
-187,7,50
-185,3,50
-186,0,50
-188,0,47
-188,3,47
-189,7,47
-187,10,47
-188,13,47
-188,16,47
-186,20,47
-185,23,46
-183,26,46
-183,29,46
-183,32,46
-181,35,46
-200,43,51
-1,0,0
-1,0,0
-1,0,0
-1,0,0
-229,70,60
-228,74,60
-223,77,59
-226,82,60
-1725,662,461
-142,57,38
-140,60,38
-138,62,38
-139,65,38
-133,65,37
-131,67,37
-129,68,36
-128,71,37
-132,76,38
-131,78,38
-123,77,36
-120,78,36
-119,80,36
-116,81,35
-113,82,35
-110,83,34
-109,85,35
-107,87,34
-109,91,35
-106,92,35
-107,97,36
-109,102,37
-125,121,43
-126,126,44
-124,128,45
-122,131,45
-121,135,45
-174,201,66
-172,205,67
-181,224,72
-182,233,74
-181,240,75
-182,250,77
-183,261,79
-181,268,81
-181,279,83
-181,290,85
-175,292,85
-169,292,84
-162,293,83
-155,292,82
-149,292,82
-143,293,81
-136,291,80
-131,293,80
-124,292,79
-118,291,78
-112,291,78
-105,288,76
-100,290,76
-94,288,75
-87,286,75
-82,287,75
-78,290,75
-72,288,74
-67,288,74
-61,289,74
-56,289,73
-51,289,73
-46,288,73
-40,287,72
-35,288,72
-11,102,26
-4,45,11
-3,41,10
-2,38,9
-1,38,9
-1,34,8
0,34,8
1,41,10
1,36,9
2,36,9
3,38,9
3,37,9
3,33,8
4,37,9
5,37,9
5,34,8
6,36,9
7,38,10
8,37,9
10,42,11
9,37,9
11,39,10
10,36,9
11,36,9
11,35,9
12,35,9
13,35,9
16,41,11
13,31,8
14,34,9
15,35,9
16,34,9
18,38,10
118,232,65
156,293,83
164,296,84
170,295,85
178,296,86
179,287,84
25,38,11
206,306,92
213,304,92
217,298,92
217,287,90
214,274,87
214,265,85
213,254,83
157,180,60
153,169,57
156,167,57
160,165,57
163,163,57
165,160,57
171,159,58
173,156,58
178,155,59
181,152,59
185,150,59
190,148,60
193,145,60
198,144,61
201,141,61
213,144,64
288,187,86
361,226,106
390,234,113
427,246,123
501,278,143
544,289,154
550,280,154
355,173,98
340,159,94
344,153,94
343,146,93
345,139,93
345,132,92
227,83,60
218,79,54
216,83,53
205,83,51
210,89,53
212,94,54
209,98,53
208,101,53
215,110,56
329,175,86
332,184,88
327,189,87
501,301,135
420,262,114
378,245,104
375,253,104
361,253,102
221,160,63
201,151,58
194,152,57
190,154,56
187,157,56
182,159,56
177,160,55
174,162,55
169,163,54
165,165,54
160,166,53
157,169,53
153,170,53
150,172,53
145,172,52
143,177,53
140,180,53
140,186,54
195,268,76
35,49,14
26,39,11
8,12,3
195,312,85
189,314,85
182,316,84
174,314,83
166,311,81
158,310,80
148,304,78
132,283,72
17,37,9
16,38,9
15,36,9
15,38,9
13,36,9
13,39,9
12,36,9
11,36,9
9,33,8
10,36,9
8,32,8
8,33,8
7,32,8
7,33,8
6,36,8
6,36,8
4,31,7
4,31,7
3,33,8
3,37,9
2,28,7
2,39,9
1,37,9
1,33,8
0,34,8
-1,31,7
-1,32,7
-2,33,8
-3,39,9
-4,43,10
-4,41,9
-5,37,9
-5,36,8
-5,33,8
-5,29,7
-55,285,67
-60,284,67
-66,285,67
-72,287,68
-76,282,67
-82,285,68
-87,286,69
-92,284,69
-97,282,69
-103,283,70
-109,283,70
-114,282,70
-120,283,71
-126,284,72
-131,281,72
-138,284,73
-142,280,72
-150,283,74
-155,280,74
-163,283,75
-170,282,76
-176,281,76
-183,282,78
-191,283,79
-196,280,79
-202,277,79
-200,265,77
-199,254,74
-197,243,72
-197,235,71
-194,224,68
-196,217,67
-194,208,66
-187,194,62
-184,184,60
-132,127,42
-133,124,42
-136,123,42
-114,99,35
-112,94,34
-111,90,33
-111,87,33
-113,85,33
-114,82,32
-116,81,33
-116,78,32
-118,76,32
-122,76,33
-126,76,34
-128,74,34
-134,74,35
-130,69,34
-128,65,33
-130,64,34
-132,62,34
-137,61,35
-1,0,0
-1,0,0
-230,88,57
-224,82,55
-223,77,54
-228,74,55
-233,71,56
-1,0,0
-1,0,0
-1,0,0
-1,0,0
-1,0,0
-1,0,0
-241,42,56
-206,33,48
-183,26,43
-182,22,42
-185,19,43
-181,16,42
-184,13,43
-186,10,43
-185,6,43
-186,3,43
-186,0,43
-188,0,40
-188,3,40
-186,6,40
-188,10,40
-186,13,40
-187,16,40
-187,20,40
-186,23,40
-185,26,40
-184,29,40
-184,32,40
-181,35,39
-205,44,44
-1,0,0
-1,0,0
-1,0,0
-1,0,0
-233,71,52
-233,76,52
-226,78,51
-229,83,52
-1,0,0
-1,0,0
-141,60,33
-140,62,33
-138,64,32
-134,65,32
-129,66,31
-128,68,31
-128,71,31
-128,74,31
-125,75,31
-132,82,33
-125,81,32
-119,80,31
-115,81,30
-114,83,30
-115,87,31
-111,87,30
-112,90,31
-108,91,30
-109,95,31
-109,98,31
-112,105,33
-130,126,38
-129,129,39
-128,132,39
-125,134,39
-123,137,39
-175,202,57
-174,208,58
-183,226,62
-182,234,63
-184,244,65
-182,250,66
-181,259,67
-180,267,68
-182,280,71
-182,292,73
-178,296,73
-170,294,72
-164,295,72
-158,296,71
-151,296,71
-145,296,70
-136,293,69
-132,296,69
-124,292,67
-118,293,67
-113,295,67
-106,292,66
-99,289,65
-94,289,65
-89,291,65
-84,292,65
-78,292,64
-73,291,64
-67,292,64
-62,292,63
-56,289,63
-51,292,63
-46,292,63
-41,291,62
-36,289,62
-31,292,62
-25,290,62
-20,281,60
-3,51,11
-2,49,10
-1,41,9
0,39,8
1,44,9
1,41,9
2,43,9
3,41,9
4,42,9
4,43,9
6,46,10
6,41,9
7,43,9
7,41,9
8,43,9
9,43,9
10,43,9
11,45,10
12,45,10
13,47,10
14,47,10
15,47,10
18,51,11
19,51,12
22,57,13
119,295,68
126,296,68
129,290,67
134,288,68
144,295,70
139,273,65
144,271,65
165,297,72
172,297,73
177,295,73
189,302,76
197,303,77
205,303,78
212,302,78
218,301,79
217,288,77
216,276,74
211,260,71
211,252,70
150,173,49
153,169,48
156,167,49
161,167,49
166,166,50
167,162,49
173,161,50
176,158,50
179,155,50
183,153,51
187,151,51
190,149,51
195,147,52
199,144,52
201,141,52
207,139,53
231,150,59
362,227,91
413,248,102
426,246,105
526,292,128
561,298,135
558,284,133
357,174,84
346,161,81
346,154,80
348,148,80
347,140,80
352,135,80
335,122,76
220,80,45
216,83,45
215,87,45
213,91,45
208,93,44
206,96,44
206,100,44
258,131,56
326,173,72
325,180,72
325,187,73
623,375,141
390,243,89
378,245,88
369,249,87
339,237,80
216,157,52
198,149,48
192,150,47
188,153,47
186,156,47
180,156,46
177,159,46
173,161,46
169,164,46
165,165,45
162,168,45
159,170,45
152,169,44
148,170,44
146,174,44
141,174,44
138,176,44
191,253,62
196,269,65
198,283,67
199,295,69
194,299,69
184,294,67
175,292,66
167,289,65
162,293,65
151,283,62
146,286,62
139,286,62
133,286,61
127,285,61
122,288,61
112,277,58
115,299,62
108,296,61
102,297,61
97,299,61
91,297,60
85,296,60
80,298,60
75,300,60
69,297,59
64,300,60
58,297,59
53,303,60
48,301,59
42,300,59
37,301,59
32,301,59
26,299,58
21,295,57
16,297,58
10,296,58
2,114,22
0,109,21
-2,102,20
-4,102,20
-5,102,20
-7,103,20
-9,106,21
-11,107,21
-13,109,21
-16,113,22
-18,112,22
-19,107,21
-21,108,21
-22,106,21
-25,107,21
-27,108,22
-37,137,27
-80,280,57
-86,282,57
-92,282,58
-98,285,59
-102,281,58
-109,284,59
-115,284,60
-121,285,60
-125,282,60
-131,281,60
-137,281,61
-143,281,61
-149,281,62
-155,280,62
-161,280,63
-168,279,63
-175,280,64
-182,281,65
-189,281,66
-197,281,67
-200,275,66
-200,265,64
-198,253,62
-196,242,60
-196,233,59
-194,223,57
-191,212,56
-179,192,51
-127,131,35
-128,128,35
-133,128,36
-139,130,37
-191,172,50
-111,97,29
-111,93,28
-111,90,28
-111,86,27
-111,84,27
-114,83,27
-116,81,27
-117,79,27
-121,79,28
-122,76,28
-121,73,27
-124,72,28
-127,70,28
-127,68,28
-169,86,37
-1,0,0
-1,0,0
-1,0,0
-1,0,0
-1,0,0
-221,85,46
-225,82,47
-224,77,46
-229,74,47
-237,72,48
-1,0,0
-1,0,0
-1,0,0
-1,0,0
-1,0,0
-1,0,0
-1,0,0
-226,36,44
-184,26,36
-181,22,35
-185,19,36
-184,16,36
-182,13,35
-186,10,36
-184,6,36
-185,3,36
-185,0,36
-185,0,33
-186,3,33
-185,6,33
-187,10,33
-187,13,33
-184,16,33
-184,19,33
-186,23,33
-182,26,32
-182,29,32
-179,32,32
-180,35,32
-214,45,39
-1,0,0
-1,0,0
-1,0,0
-1,0,0
-231,71,43
-230,75,43
-223,77,42
-228,83,43
-1,0,0
-1,0,0
-1,0,0
-1,0,0
-1,0,0
-143,70,28
-145,74,29
-135,72,27
-131,73,26
-129,74,26
-127,76,26
-125,78,26
-125,81,26
-124,84,26
-123,86,26
-118,86,26
-112,84,25
-113,89,25
-111,90,25
-109,92,25
-110,96,26
-111,100,26
-139,130,34
-200,193,49
-180,180,45
-131,135,33
-126,135,33
-123,137,32
-147,169,40
-174,207,48
-178,220,50
-179,229,51
-181,240,53
-179,247,54
-180,257,55
-182,269,57
-180,278,58
-181,289,60
-177,295,61
-169,293,60
-162,292,59
-156,293,59
-149,293,58
-143,294,58
-136,292,57
-131,295,57
-124,292,56
-118,292,56
-111,289,55
-105,288,54
-99,288,54
-93,287,53
-89,290,53
-83,289,53
-77,289,53
-72,290,53
-67,290,52
-61,289,52
-56,290,52
-51,291,52
-46,291,52
-41,291,52
-36,290,52
-30,288,51
-24,280,49
-20,288,51
-15,287,51
-10,288,51
-5,288,51
0,285,50
3,176,31
6,170,30
9,169,30
12,173,31
15,173,31
19,179,32
33,266,47
41,294,52
47,295,53
52,297,53
58,298,53
63,297,53
69,297,54
74,298,54
80,298,54
85,297,55
88,289,53
93,288,53
100,291,54
105,290,54
112,291,55
117,290,55
124,291,56
127,286,55
133,286,56
139,285,56
141,277,55
147,277,55
156,282,57
162,281,57
168,280,58
175,280,58
183,282,59
193,286,61
198,282,61
207,285,62
212,281,62
211,270,60
211,261,59
211,251,58
152,175,41
152,168,40
154,166,40
159,165,40
162,162,40
166,161,41
171,160,41
173,156,41
176,153,41
182,153,42
185,150,42
189,147,42
194,146,43
198,144,43
203,142,44
224,151,48
358,233,75
392,245,81
394,237,81
399,230,81
408,226,82
471,251,94
651,332,129
674,329,132
341,159,66
342,152,66
346,147,66
347,140,66
347,133,65
292,106,55
218,79,37
213,82,36
214,87,37
214,91,37
211,94,37
207,96,36
207,101,36
331,169,59
329,175,59
327,181,59
659,380,120
412,248,76
416,260,78
1,1,0
346,233,66
225,157,43
213,154,42
204,153,40
195,152,39
190,154,39
185,155,38
180,157,38
177,159,38
172,160,37
168,163,37
163,163,36
160,166,36
156,168,36
153,170,36
148,171,36
146,174,36
140,173,35
137,176,35
147,196,39
194,267,52
194,278,54
198,293,56
196,302,57
183,292,55
180,299,55
168,291,53
163,294,53
153,289,52
145,284,51
141,289,51
136,291,51
131,294,51
123,290,50
117,289,49
111,290,49
107,294,50
103,299,50
97,299,50
91,297,49
87,302,50
81,301,49
74,298,49
69,297,48
62,293,47
59,302,49
53,299,48
47,299,48
42,299,48
37,300,48
32,302,48
26,298,47
21,296,47
16,298,47
10,295,47
5,295,47
0,293,46
-3,178,28
-6,172,27
-9,168,27
-12,167,26
-15,167,27
-19,178,28
-35,282,45
-40,287,46
-45,285,46
-50,286,46
-55,284,46
-60,284,46
-66,285,46
-71,284,46
-76,283,46
-81,283,47
-87,283,47
-92,285,47
-97,282,47
-103,282,48
-108,282,48
-114,282,48
-120,283,49
-124,279,48
-130,279,49
-136,279,49
-142,279,50
-149,280,50
-154,278,50
-161,280,51
-168,280,52
-176,281,53
-182,281,53
-191,282,54
-195,278,54
-199,274,54
-197,262,52
-196,251,50
-195,240,49
-194,232,48
-192,221,46
-193,214,46
-191,205,44
-130,134,30
-131,131,29
-135,130,30
-191,179,41
-205,184,44
-211,183,44
-124,104,26
-115,93,23
-113,88,23
-113,85,22
-113,82,22
-118,83,23
-117,79,22
-120,78,23
-123,77,23
-125,75,23
-127,74,23
-130,72,24
-136,72,24
-218,111,39
-1,0,0
-1,0,0
-1,0,0
-1,0,0
-247,100,42
-230,88,39
-226,82,38
-222,77,37
-226,74,38
-229,70,38
-227,65,37
-202,54,33
-219,54,36
-1,0,0
-1,0,0
-1,0,0
-1,0,0
-228,36,37
-183,26,29
-182,22,29
-182,19,29
-183,16,29
-180,13,29
-185,10,29
-185,6,29
-184,3,29
-185,0,29
-186,0,26
-184,3,26
-185,6,26
-187,10,26
-187,13,26
-185,16,26
-184,19,26
-183,22,26
-182,26,26
-183,29,26
-177,31,25
-181,35,26
-240,51,35
-1,0,0
-1,0,0
-1,0,0
-212,61,31
-230,70,34
-227,74,34
-223,77,33
-223,81,33
-239,92,36
-1,0,0
-1,0,0
-1,0,0
-1,0,0
-1,0,0
-1,0,0
-217,115,35
-1,0,0
-127,73,21
-126,75,21
-123,77,20
-123,80,21
-122,83,21
-117,82,20
-115,84,20
-113,85,20
-111,87,20
-109,88,20
-111,93,20
-110,96,20
-112,101,21
-129,120,25
-201,194,39
-196,196,39
-191,197,39
-169,181,35
-123,137,26
-121,139,26
-132,157,29
-179,222,40
-180,231,41
-181,240,42
-179,247,43
-181,259,44
-183,271,46
-183,282,47
-182,291,48
-177,295,48
-168,292,47
-163,294,47
-157,295,47
-151,296,47
-143,294,46
-137,294,46
-130,291,45
-124,293,45
-117,290,44
-112,291,44
-107,293,44
-100,291,43
-94,289,43
-89,290,43
-83,288,42
-78,290,42
-72,288,42
-67,289,42
-62,291,42
-56,290,41
-51,292,42
-46,290,41
-41,290,41
-35,288,41
-30,288,41
-25,287,40
-20,290,41
-15,286,40
-7,198,28
-3,170,24
0,170,24
3,169,24
6,170,24
9,179,25
20,290,41
26,294,41
31,296,42
36,297,42
42,297,42
47,295,42
52,297,42
58,296,42
63,295,42
68,295,43
75,299,43
79,296,43
85,295,43
89,290,43
94,290,43
100,290,43
106,291,44
112,291,44
119,294,45
122,288,44
128,289,44
133,285,44
139,286,45
140,275,43
149,280,45
154,277,45
160,277,45
168,280,46
181,289,48
186,286,48
194,287,49
199,284,49
204,281,49
215,286,50
216,277,49
216,266,48
216,257,47
201,232,43
150,167,32
153,164,31
156,162,32
161,161,32
165,160,32
168,157,32
173,156,33
176,153,33
181,151,33
184,149,33
188,147,34
192,145,34
196,143,34
200,140,34
212,143,36
298,194,50
380,237,63
1,1,0
402,232,65
403,223,65
581,309,93
545,278,86
337,165,53
337,157,52
342,152,53
344,146,52
342,138,52
343,132,52
221,81,33
215,78,28
213,82,28
214,86,28
210,89,28
208,92,28
205,96,28
203,99,28
217,110,30
327,174,45
325,180,46
323,187,46
524,315,75
393,246,57
380,247,56
356,240,53
334,234,50
218,159,33
205,154,31
195,152,30
189,153,30
184,154,29
179,156,29
175,157,29
170,158,29
167,161,29
164,164,29
159,165,28
156,167,28
152,169,28
147,169,28
144,171,27
141,174,27
137,176,27
134,178,27
190,262,40
192,274,41
194,288,43
195,300,44
184,295,43
179,298,43
167,289,41
165,297,42
157,296,41
151,297,41
139,285,39
133,285,39
127,286,38
121,284,38
116,287,38
110,286,38
109,299,39
103,298,39
97,299,39
91,298,38
85,297,38
80,298,38
74,298,38
69,300,38
64,299,38
34,176,22
53,300,37
47,299,37
42,299,37
37,298,37
31,298,37
26,299,37
21,298,37
16,297,37
10,292,36
4,235,29
0,169,21
-3,153,19
-5,156,19
-8,159,19
-12,169,21
-14,165,20
-19,178,22
-33,269,33
-40,284,35
-45,285,35
-50,283,35
-35,178,22
-54,256,32
-66,286,36
-70,282,36
-76,282,36
-82,285,36
-86,282,36
-92,284,37
-98,283,37
-103,282,37
-108,282,37
-115,283,38
-119,281,38
-126,282,38
-131,282,38
-136,278,38
-142,279,39
-149,280,39
-154,279,39
-162,280,40
-168,279,40
-174,278,40
-180,277,41
-189,281,42
-196,280,42
-198,273,41
-197,262,40
-194,248,39
-192,237,37
-193,230,37
-191,219,36
-128,142,24
-124,133,22
-128,132,23
-180,180,31
-188,181,32
-195,181,33
-203,183,34
-213,186,35
-119,100,19
-115,93,18
-116,90,18
-117,88,18
-116,85,18
-115,81,17
-117,79,17
-120,78,18
-124,77,18
-128,77,18
-131,75,19
-138,77,19
-181,96,25
-215,109,30
-1,0,0
-1,0,0
-1,0,0
-1,0,0
-1,0,0
-229,88,30
-226,82,29
-223,77,29
-227,74,29
-233,71,30
-220,63,28
-197,53,25
-207,52,26
-219,50,28
-267,57,34
-209,41,26
-1,0,0
-222,35,28
-183,26,23
-181,22,22
-180,19,22
-180,16,22
-180,13,22
-183,10,23
-104,4,13
-102,2,13
-106,0,13
-110,0,12
-158,3,17
-185,6,19
-185,10,19
-184,13,19
-181,16,19
-136,14,14
-113,14,12
-107,15,11
-102,16,11
-180,32,19
-178,35,19
-180,38,19
-1,0,0
-222,55,24
-196,53,21
-221,63,24
-231,71,25
-225,73,25
-223,77,25
-222,81,25
-230,88,26
-1,0,0
-1,0,0
-1,0,0
-1,0,0
-1,0,0
-1,0,0
-218,116,26
-190,106,23
-137,79,17
-130,78,16
-129,81,16
-125,81,16
-124,83,16
-117,82,15
-115,84,15
-113,85,15
-113,88,15
-112,91,15
-111,93,15
-112,97,16
-112,101,16
-172,161,25
-202,196,30
-198,198,29
-193,200,29
-184,197,28
-175,194,27
-123,141,20
-117,139,19
-140,173,23
-181,232,31
-180,238,31
-181,249,32
-181,258,33
-180,267,34
-180,277,35
-179,287,36
-177,295,36
-169,292,35
-163,294,35
-157,296,35
-150,294,35
-143,294,34
-137,295,34
-131,294,34
-123,290,33
-117,290,33
-112,291,33
-105,290,32
-99,288,32
-93,287,32
-88,287,32
-82,286,31
-77,288,31
-72,290,31
-66,287,31
-61,288,31
-56,289,31
-51,291,31
-45,287,31
-40,288,31
-35,287,30
-30,288,30
-25,290,31
-20,288,30
-14,271,29
-6,169,18
-3,165,17
0,165,17
3,164,17
6,165,17
9,178,19
12,168,18
16,178,19
31,294,31
36,294,31
42,296,31
47,296,31
52,295,31
58,297,32
63,296,32
68,296,32
73,294,32
77,286,31
41,143,16
63,207,23
94,288,32
100,290,32
106,291,33
112,291,33
118,292,33
123,290,33
127,286,33
132,283,33
139,285,33
137,269,32
145,273,33
155,279,34
164,283,34
168,280,34
174,278,34
184,283,35
189,280,35
202,288,37
204,281,36
215,285,38
214,274,37
213,264,36
212,253,35
208,239,33
150,166,24
153,164,24
158,163,24
161,161,24
165,159,24
167,155,24
171,154,24
176,153,24
179,150,25
184,149,25
187,146,25
191,144,25
196,142,25
199,139,26
208,140,26
229,149,29
356,222,44
371,223,45
383,221,47
398,220,48
414,220,49
544,277,64
535,261,63
343,160,40
343,152,39
343,146,39
345,139,39
345,133,39
289,105,32
214,78,20
212,81,20
210,85,20
210,89,20
209,93,20
205,96,20
208,101,20
328,167,32
328,174,33
327,181,33
519,300,52
458,275,47
390,244,40
374,243,39
361,243,38
327,229,35
210,152,23
198,149,22
191,149,21
189,153,21
186,156,21
180,157,21
176,159,21
173,162,21
169,163,21
164,164,20
160,166,20
158,169,20
153,170,20
148,170,20
143,171,20
140,173,20
146,187,21
183,243,27
195,268,29
194,277,30
198,293,31
191,294,31
181,289,30
175,292,30
171,296,30
163,294,29
156,294,29
146,287,28
136,279,27
133,284,27
127,286,27
123,289,27
116,287,27
109,284,27
107,293,27
102,298,28
97,297,27
91,296,27
85,298,27
80,297,27
76,304,27
69,300,27
64,300,27
38,197,18
52,293,26
47,299,26
42,300,26
37,300,26
32,302,27
26,299,26
21,295,26
15,293,26
6,176,15
3,166,15
0,166,15
-3,163,14
-6,162,14
-8,158,14
-11,162,14
-14,160,14
-17,161,14
-20,163,14
-35,249,22
-45,283,25
-50,285,25
-55,285,25
-60,284,25
-66,285,26
-71,285,26
-77,287,26
-82,284,26
-87,285,26
-92,283,26
-98,284,26
-103,283,26
-109,283,26
-113,281,26
-119,281,27
-125,281,27
-133,285,28
-138,282,27
-143,281,28
-149,281,28
-155,279,28
-162,281,28
-167,278,28
-175,280,29
-182,280,29
-189,280,30
-197,281,30
-200,276,30
-198,263,29
-199,255,28
-196,242,27
-197,235,27
-193,222,26
-153,170,20
-126,135,16
-125,130,16
-182,182,22
-191,184,23
-198,185,24
-207,186,24
-156,135,18
-114,96,13
-115,93,13
-115,90,13
-114,86,12
-117,85,13
-120,84,13
-117,79,12
-121,79,13
-125,78,13
-127,76,13
-127,73,13
-132,73,13
-139,74,14
-1,0,0
-224,109,22
-1,0,0
-1,0,0
-1,0,0
-1,0,0
-226,87,21
-220,80,20
-223,77,21
-225,73,21
-218,67,20
-200,57,18
-198,53,18
-206,51,19
-215,50,19
-229,49,20
-1,0,0
-224,39,20
-197,31,17
-183,26,16
-182,22,16
-181,19,16
-176,15,15
-185,13,16
-129,7,11
-100,3,9
-102,2,9
-109,0,9
-113,0,8
-141,2,10
-178,6,12
-184,10,13
-172,12,12
-123,11,9
-116,12,8
-110,13,8
-104,15,7
-98,15,7
-118,21,8
-133,26,9
-141,30,10
-154,35,11
-202,50,15
-207,56,15
-175,50,13
-195,59,14
-155,50,11
-148,51,11
-144,53,11
-155,59,12
-1,0,0
-1,0,0
-1,0,0
-1,0,0
-1,0,0
-1,0,0
-1,0,0
-1,0,0
-131,76,11
-127,77,10
-123,77,10
-119,77,10
-117,79,10
-114,80,10
-115,83,10
-114,86,10
-113,88,10
-111,90,10
-113,95,10
-117,102,11
-122,109,11
-205,191,20
-200,193,19
-197,197,19
-191,197,19
-184,198,19
-175,194,18
-175,202,19
-169,202,18
-117,144,13
-122,156,14
-125,167,15
-127,175,15
-126,180,15
-126,187,16
-173,267,22
-176,282,23
-176,292,24
-170,295,24
-163,294,24
-154,290,23
-149,292,23
-141,290,23
-134,288,22
-129,291,22
-124,291,22
-116,288,22
-111,289,22
-105,290,22
-99,288,21
-93,287,21
-87,286,21
-82,286,21
-77,288,21
-71,287,21
-66,287,21
-61,285,20
-56,290,21
-51,289,21
-45,286,20
-40,287,20
-35,286,20
-30,284,20
-15,177,12
-11,162,11
-8,159,11
-5,157,11
-3,157,11
0,158,11
3,155,11
5,138,10
7,132,9
9,134,9
14,155,11
31,291,20
36,294,21
27,196,14
28,175,12
31,174,12
33,168,12
34,161,12
36,157,11
38,152,11
39,145,10
44,154,11
88,288,21
94,290,21
99,289,21
106,291,22
112,291,22
117,290,22
123,290,22
127,286,22
133,286,22
139,286,22
139,273,21
146,275,22
152,274,22
158,274,22
164,273,22
176,282,23
184,283,24
188,279,24
194,277,24
205,282,24
216,287,25
213,273,24
215,265,24
213,254,23
207,238,22
149,165,16
152,163,16
157,162,16
161,161,16
164,159,16
168,156,16
171,154,16
175,152,16
181,152,17
185,149,17
189,147,17
194,146,17
197,143,17
199,140,17
209,141,18
234,152,20
359,224,30
371,223,30
384,221,31
397,220,32
411,219,33
542,276,43
542,264,42
337,157,26
340,151,26
342,145,26
341,138,26
343,132,26
217,79,16
215,78,12
211,81,12
206,83,12
206,87,12
203,91,12
205,96,12
205,100,12
225,115,13
324,173,19
327,181,20
323,187,20
520,313,32
394,246,24
379,246,24
358,242,23
344,241,22
219,159,14
197,148,13
191,149,13
189,153,13
183,153,13
179,155,12
176,158,12
169,158,12
165,160,12
163,163,12
157,163,12
155,166,12
151,168,12
149,171,12
144,172,12
140,173,12
170,217,14
194,257,17
193,265,17
190,271,17
189,281,18
194,298,19
193,309,19
184,306,19
173,300,18
166,300,18
161,302,18
158,310,18
148,304,18
141,301,17
128,287,16
116,273,16
117,290,16
111,290,16
107,293,16
102,296,16
97,297,16
92,301,16
86,300,16
80,299,16
73,295,16
68,296,16
59,276,15
28,145,8
27,154,8
25,161,9
23,166,9
23,186,10
19,182,10
16,183,10
18,254,13
15,295,15
10,293,15
3,164,9
0,143,7
-2,132,7
-5,130,7
-7,136,7
-11,155,8
-13,150,8
-16,155,8
-20,163,9
-24,169,9
-27,171,9
-48,274,15
-55,281,15
-60,283,15
-65,282,15
-70,282,15
-76,284,15
-81,283,15
-86,281,15
-92,283,16
-97,280,16
-102,280,16
-107,278,16
-113,281,16
-119,281,16
-124,279,16
-131,281,16
-137,280,16
-131,257,15
-134,252,15
-134,242,14
-137,238,14
-132,220,13
-171,274,17
-181,278,17
-188,279,18
-196,280,18
-198,273,18
-197,261,17
-141,181,12
-140,172,12
-145,173,12
-145,167,12
-139,154,11
-129,138,10
-171,177,13
-189,189,14
-187,181,14
-121,112,9
-108,97,8
-105,91,7
-106,89,7
-106,86,7
-105,82,7
-105,79,7
-107,77,7
-108,76,7
-110,74,7
-115,75,7
-117,73,7
-151,91,9
-230,133,14
-1,0,0
-1,0,0
-1,0,0
-1,0,0
-1,0,0
-1,0,0
-137,58,8
-138,56,8
-140,54,8
-142,52,8
-144,50,8
-146,48,8
-146,45,8
-152,43,8
-153,41,8
-157,39,8
-156,36,8
-156,33,8
-147,29,8
-147,26,8
-141,22,7
-136,19,7
-133,16,7
-135,14,7
-132,12,7
-126,9,7
-101,5,5
-98,3,5
-105,2,5
-109,0,6
-118,0,4
-123,2,4
-124,4,4
-123,6,4
-121,8,4
-120,11,4
-115,12,4
-108,13,4
-102,14,4
-98,15,3
-114,20,4
-132,26,5
-136,29,5
-143,33,5
-151,38,5
-153,41,6
-152,44,6
-148,45,5
-146,48,5
-142,49,5
-139,51,5
-140,54,5
-141,57,5
-165,70,6
-1,0,0
-1,0,0
-1,0,0
-1,0,0
-1,0,0
-1,0,0
-1,0,0
-1,1,0
-220,137,9
-224,145,9
-217,146,9
-215,151,9
-214,156,9
-208,157,9
-121,95,5
-99,81,4
-96,80,4
-93,81,4
-91,82,4
-89,83,4
-86,83,4
-86,86,4
-83,86,4
-82,88,4
-81,90,4
-82,94,4
-79,94,4
-82,101,5
-121,154,7
-121,161,7
-124,171,7
-124,177,8
-162,239,10
-96,148,6
-71,114,5
-69,116,5
-68,119,5
-159,288,11
-153,289,11
-116,227,9
-118,242,9
-117,250,10
-117,262,10
-116,273,10
-117,290,11
-111,289,11
-105,287,11
-99,287,11
-94,288,11
-89,290,11
-83,288,10
-77,286,10
-72,288,10
-67,288,10
-61,287,10
-56,287,10
-51,286,10
-45,285,10
-40,286,10
-35,287,10
-29,279,10
-16,180,6
-12,172,6
-9,170,6
-6,170,6
-3,156,5
0,145,5
2,132,5
5,131,5
7,133,5
9,136,5
13,153,5
29,280,10
36,291,10
25,178,6
28,180,6
30,172,6
34,174,6
39,186,7
40,174,6
36,145,5
38,143,5
64,223,8
88,288,11
94,289,11
99,288,11
105,287,11
111,288,11
116,288,11
123,291,11
126,284,11
132,283,11
138,284,11
138,272,11
145,272,11
154,278,11
167,289,12
176,292,12
184,294,12
193,298,12
202,299,13
205,293,12
216,298,13
217,288,13
215,276,12
209,259,12
210,250,11
167,192,9
150,167,8
152,163,8
156,161,8
160,160,8
163,158,8
169,157,8
171,154,8
174,151,8
179,150,8
183,148,8
189,148,8
191,144,8
196,142,8
200,140,9
210,141,9
230,150,10
353,221,15
371,223,15
382,220,15
398,220,16
478,254,19
537,274,21
334,163,13
335,156,13
341,152,13
339,144,13
338,137,13
340,130,13
224,82,8
212,77,4
209,80,4
209,84,4
206,88,4
205,91,4
205,95,4
203,99,4
214,109,4
327,174,6
324,180,6
328,189,7
523,314,11
389,243,8
370,240,8
349,235,7
223,156,5
203,148,4
193,146,4
190,148,4
188,152,4
184,154,4
178,155,4
175,158,4
170,159,4
166,160,4
163,163,4
160,165,4
155,166,4
150,166,4
148,170,4
143,171,4
140,173,4
136,174,4
133,176,4
190,262,6
193,276,6
188,279,6
180,278,6
173,276,6
166,277,6
162,281,6
159,288,6
162,305,6
144,282,6
126,258,5
121,259,5
115,259,5
112,264,5
106,263,5
104,272,5
107,293,5
102,296,5
96,297,5
91,298,5
85,297,5
80,299,5
75,299,5
69,298,5
63,296,5
57,294,5
27,156,3
34,212,4
31,224,4
26,210,4
21,203,4
21,242,4
12,179,3
9,174,3
5,130,2
2,128,2
0,130,2
-2,129,2
-5,133,2
-8,152,3
-11,155,3
-13,152,3
-17,158,3
-21,169,3
-24,169,3
-28,176,3
-34,193,3
-50,259,5
-59,276,5
-66,284,5
-71,285,5
-75,278,5
-77,270,5
-84,273,5
-91,281,5
-96,278,5
-100,273,5
-108,281,5
-113,279,5
-112,263,5
-125,280,5
-115,246,5
-68,140,3
-117,230,5
-132,249,5
-137,247,5
-138,240,5
-131,218,4
-172,276,6
-181,279,6
-188,279,6
-196,279,6
-199,274,6
-197,262,6
-96,123,3
-78,96,2
-78,93,2
-79,91,2
-81,90,2
-81,87,2
-83,86,2
-86,86,2
-89,86,2
-92,86,2
-94,85,2
-99,86,2
-106,89,2
-197,160,4
-226,177,5
-228,172,5
-218,159,5
-225,158,5
-228,154,5
-218,142,5
-222,139,5
-223,134,5
-236,136,5
-1,0,0
-1,0,0
-1,0,0
-1,0,0
-1,0,0
-137,61,3
-137,58,3
-138,56,3
-138,53,3
-142,52,3
-142,49,3
-145,47,3
-146,45,3
-149,43,3
-153,41,3
-155,39,3
-152,35,3
-147,31,3
-143,28,3
-143,25,3
-137,22,2
-133,19,2
-133,16,2
-135,14,2
-130,11,2
-126,9,2
-100,5,2
-99,3,2
-99,2,2
-104,0,2
-113,0,0
-123,2,0
-123,4,0
-123,6,0
-122,9,0
-119,10,0
-117,12,0
-108,13,0
-102,14,0
-97,15,0
-123,22,0
-134,26,0
-132,28,0
-140,32,0
-145,36,0
-152,41,0
-151,43,0
-148,45,0
-146,48,0
-144,49,0
-142,52,0
-138,53,0
-138,56,0
-138,59,0
-1,0,0
-1,0,0
-1,0,0
-1,0,0
-1,0,0
-1,0,0
-1,0,0
-1,1,0
-1,1,0
-223,145,0
-218,147,0
-215,151,0
-216,157,0
-213,161,0
-216,169,0
-217,176,0
-220,184,0
-189,165,0
-103,93,0
-99,92,0
-94,91,0
-91,91,0
-86,89,0
-85,91,0
-80,89,0
-79,91,0
-78,93,0
-76,93,0
-73,94,0
-73,97,0
-72,99,0
-72,102,0
-110,163,0
-180,277,0
-181,290,0
-175,291,0
-167,290,0
-161,291,0
-155,292,0
-138,270,0
-116,237,0
-116,249,0
-114,257,0
-117,276,0
-116,287,0
-110,288,0
-100,273,0
-98,285,0
-93,285,0
-87,284,0
-79,274,0
-77,288,0
-71,286,0
-63,275,0
-59,276,0
-55,284,0
-51,287,0
-45,285,0
-40,283,0
-34,274,0
-19,179,0
-15,171,0
-11,156,0
-8,155,0
-5,155,0
-3,154,0
0,149,0
2,131,0
4,128,0
7,128,0
9,128,0
12,131,0
16,152,0
34,280,0
26,187,0
32,200,0
46,263,0
35,182,0
41,195,0
40,173,0
37,149,0
55,206,0
82,286,0
88,288,0
94,289,0
100,290,0
105,288,0
111,288,0
117,289,0
123,289,0
126,284,0
132,283,0
133,273,0
132,258,0
134,252,0
139,250,0
147,254,0
170,284,0
181,290,0
188,290,0
185,274,0
189,270,0
194,267,0
202,268,0
210,269,0
212,262,0
210,250,0
161,185,0
148,164,0
151,162,0
156,162,0
159,159,0
163,157,0
166,155,0
172,155,0
174,152,0
178,149,0
184,149,0
187,146,0
192,144,0
196,142,0
197,138,0
205,138,0
230,149,0
354,222,0
369,222,0
390,225,0
401,223,0
487,259,0
541,276,0
351,171,0
335,156,0
338,150,0
339,144,0
341,138,0
342,131,0
240,87,0
150,55,160
147,57,158
146,59,158
146,62,159
145,65,159
145,68,160
144,70,160
144,73,161
229,121,259
227,126,260
227,131,262
341,205,397
273,170,322
257,167,307
246,166,296
159,112,194
147,107,182
141,106,176
135,106,172
132,107,170
128,108,168
126,109,167
123,111,165
121,113,165
117,113,163
115,114,162
112,116,161
109,117,160
106,118,158
104,120,158
101,121,158
98,121,156
96,123,156
134,178,223
138,189,234
137,195,238
129,191,231
124,190,227
123,197,232
119,198,231
119,206,238
119,215,245
114,214,243
96,189,212
90,184,204
85,183,202
81,182,199
78,185,201
77,191,206
75,195,209
75,206,219
72,208,220
68,208,219
64,210,219
60,209,218
56,209,216
52,208,214
48,209,214
44,207,212
40,206,210
20,112,114
23,147,148
20,142,144
20,163,164
17,164,165
12,133,134
9,128,129
5,100,100
3,97,97
2,96,96
0,93,93
-2,91,91
-3,92,92
-5,92,92
-7,93,93
-10,111,112
-12,115,116
-15,119,120
-18,125,126
-20,126,128
-22,127,129
-23,117,120
-32,152,156
-33,143,147
-28,114,117
-34,128,133
-44,155,161
-55,180,188
-63,195,205
-61,176,186
-70,193,206
-76,197,211
-79,197,212
-83,197,214
-88,197,216
-91,196,216
-86,175,195
-90,177,199
-95,179,203
-96,173,198
-94,164,189
-95,159,185
-123,197,232
-121,186,222
-133,197,238
-138,198,241
-139,192,237
-138,183,229
-71,91,116
-55,68,88
-56,67,88
-56,65,86
-57,63,85
-58,63,86
-60,62,86
-61,61,86
-64,62,89
-66,62,91
-72,65,97
-73,63,96
-76,64,100
-148,120,191
-148,115,187
-147,111,184
-150,109,185
-153,107,187
-152,103,184
-151,98,180
-152,95,180
-160,96,187
-156,90,180
-151,84,173
-1,0,1
-1,0,1
-1,0,1
-1,0,1
-1,0,1
-98,41,106
-98,40,106
-99,38,106
-100,36,106
-101,35,107
-102,33,107
-103,31,107
-106,30,110
-107,29,110
-108,27,111
-106,24,109
-99,21,101
-99,19,101
-95,17,96
-94,15,95
-91,13,92
-89,11,90
-89,9,89
-89,8,89
-72,5,72
-68,4,69
-70,2,70
-73,1,73
-77,0,77
-83,0,80
-93,2,90
-126,4,122
-93,5,90
-138,10,134
-149,13,144
-158,17,154
-173,21,168
-181,25,176
-186,29,182
-185,33,181
-185,36,182
-186,39,183
-183,42,181
-181,45,181
-181,49,181
-183,53,184
-180,55,182
-180,58,183
-180,62,184
-179,65,184
-177,68,183
-177,72,185
-178,76,187
-176,78,186
-174,81,185
-173,85,186
-172,88,186
-170,91,186
-169,93,186
-167,96,186
-166,100,187
-164,103,187
-162,105,186
-161,109,188
-158,111,186
-157,114,187
-155,117,188
-152,119,187
-151,122,188
-148,124,187
-148,128,189
-143,129,186
-143,133,189
-140,135,188
-137,137,188
-135,140,188
-133,143,188
-131,145,189
-128,147,188
-124,148,187
-122,151,188
-120,154,188
-117,156,188
-115,158,189
-112,160,189
-109,161,188
-107,165,190
-104,166,189
-100,166,188
-97,169,188
-95,170,188
-91,171,187
-89,174,188
-85,175,188
-83,178,190
-80,179,189
-76,179,188
-74,182,190
-70,183,190
-67,184,189
-64,185,189
-60,186,189
-57,185,187
-53,186,187
-50,188,188
-47,189,188
-43,188,186
-41,191,188
-37,190,187
-34,191,188
-30,191,187
-27,194,189
-24,193,188
-20,193,188
-17,193,187
-14,194,188
-10,189,183
-6,177,171
-3,144,139
0,132,128
2,128,124
5,141,136
10,190,183
13,189,183
14,161,156
15,147,142
15,123,119
19,132,129
23,148,144
30,171,167
23,119,117
26,124,122
37,162,160
42,167,166
32,118,118
38,134,135
54,177,179
41,127,129
43,126,129
45,124,127
63,164,169
51,127,132
69,164,172
75,169,179
81,173,185
85,174,187
88,172,187
91,171,188
94,170,188
97,168,188
100,166,187
103,164,187
105,162,187
109,161,188
110,157,185
113,156,186
116,154,186
119,152,187
121,150,186
123,147,185
126,145,185
129,143,185
130,140,185
133,138,185
135,135,184
136,131,182
140,130,185
141,127,183
144,126,185
147,123,185
148,120,184
150,117,184
153,115,185
153,111,183
156,109,184
157,106,183
160,104,185
161,101,183
162,97,183
166,96,185
165,92,183
167,89,183
169,86,183
172,84,185
171,80,183
175,78,185
176,75,185
176,71,183
178,68,184
180,65,185
181,66,180
182,70,181
180,73,181
178,76,181
177,79,181
176,82,181
174,85,181
174,89,182
171,91,181
170,94,181
168,97,181
165,99,180
163,102,179
162,105,180
159,108,179
158,111,180
157,114,181
155,117,181
153,119,181
151,122,181
148,124,180
147,128,181
143,129,180
141,132,180
139,134,180
138,138,181
134,139,180
131,141,179
129,143,180
127,146,180
124,148,180
122,151,181
119,152,180
117,155,181
115,159,183
113,161,183
110,162,183
107,165,183
104,167,183
101,168,183
98,170,183
95,172,183
92,173,183
89,175,183
87,178,185
83,178,183
80,180,184
77,182,184
74,184,185
71,184,183
68,186,184
64,186,183
57,174,170
46,151,147
34,120,117
35,129,125
32,130,125
31,136,130
28,134,128
27,139,132
25,143,136
31,194,183
17,120,113
22,176,165
18,167,157
15,169,158
8,121,113
7,134,125
5,137,128
3,178,166
0,177,165
-3,181,169
-6,172,160
-9,175,163
-12,177,165
-16,179,168
-21,199,186
-24,198,186
-28,198,186
-32,199,188
-35,197,187
-38,197,187
-42,196,187
-45,195,187
-48,194,187
-52,194,187
-56,194,188
-59,193,188
-63,193,189
-65,190,188
-69,189,188
-72,187,187
-75,186,188
-79,186,188
-82,184,188
-85,182,188
-88,181,188
-91,179,187
-95,178,188
-99,178,190
-101,175,188
-104,173,188
-107,171,188
-110,170,189
-113,168,189
-117,167,190
-119,163,188
-121,161,188
-125,160,189
-127,156,188
-131,156,190
-132,152,188
-134,149,187
-136,146,186
-141,146,189
-142,142,188
-146,141,189
-148,138,189
-151,136,190
-152,132,188
-155,130,189
-156,127,188
-159,124,188
-161,121,188
-162,118,187
-165,115,188
-167,112,188
-168,109,187
-170,106,187
-173,104,188
-173,100,186
-177,98,188
-176,93,186
-177,90,186
-179,87,186
-180,84,185
-181,81,185
-182,77,184
-183,74,184
-182,70,182
-184,67,183
-186,64,183
-186,61,183
-187,57,182
-188,54,183
-189,51,182
-191,48,183
-191,44,183
-191,41,182
-192,37,183
-192,34,182
-191,30,181
-193,27,181
-192,24,180
-193,20,181
-193,17,181
-191,13,179
-194,10,181
-193,7,180
-195,3,181
-195,0,182
-198,0,179
-196,3,177
-198,7,178
-197,10,178
-197,14,178
-197,17,178
-193,20,175
-187,23,170
-187,26,170
-188,30,171
-183,32,167
-184,36,169
-183,39,169
-184,42,170
-187,47,173
-187,50,174
-186,53,175
-188,57,177
-186,60,176
-186,64,177
-186,68,179
-187,72,181
-187,75,181
-186,79,182
-185,83,183
-185,86,183
-182,89,182
-183,93,185
-182,97,186
-181,101,187
-182,105,189
-180,108,189
-179,112,190
-178,115,191
-175,118,190
-175,122,192
-173,125,192
-171,129,193
-168,131,192
-166,135,193
-166,139,195
-163,141,194
-161,145,195
-159,148,196
-156,151,195
-154,154,196
-152,157,197
-148,159,195
-145,161,195
-145,167,199
-140,167,197
-137,170,197
-135,172,197
-131,174,196
-127,175,195
-124,178,195
-121,180,195
-119,183,196
-115,184,195
-111,185,195
-109,189,197
-105,190,195
-103,193,197
-98,192,194
-95,196,196
-92,198,197
-89,199,196
-85,200,196
-82,204,198
-78,203,196
-75,205,197
-71,207,197
-67,207,196
-64,208,196
-60,209,195